Iterations: 50
Function Evaluations Limit: 150000
Population: 50

Prides Length: 4

Percent Nomads: 0.2
Percent Roaming: 0.2
Percent Sex: 0.8

Mating Rate: 0.3
Mutation Probability: 0.2
Immigration Rate: 0.4

Dimensions: 2
N-Dimension Space: 3.14159:6.28319

Fitness Iterations:
33.7679
33.7679
33.7679
33.7679
33.7679
33.7679
27.1456
27.1456
27.1456
27.1456
27.1456
27.1456
27.1456
27.1456
27.1456
27.1456
27.1456
27.1456
27.1456
27.1456
27.1456
27.1456
27.1456
27.1456
27.1456
27.1456
27.1456
27.1456
27.1456
27.1456
27.1456
27.1456
27.1456
27.1456
27.1456
27.1456
27.1456
27.1456
27.1456
27.1456
27.1456
27.1456
27.1456
27.1456
27.1456
27.1456
27.1456
27.1456
27.1456
27.1456
27.1456
Best:
3.14159	3.14159	
