Iterations: 50
Function Evaluations Limit: 150000
Population: 50

Prides Length: 4

Percent Nomads: 0.2
Percent Roaming: 0.2
Percent Sex: 0.8

Mating Rate: 0.3
Mutation Probability: 0.2
Immigration Rate: 0.4

Dimensions: 2
N-Dimension Space: -5:5

Fitness Iterations:
1.35061
1.35061
0.966012
0.966012
0.57226
0.0334612
0.0334612
0.0334612
0.0334612
0.0334612
0.0334612
0.0334612
0.0327448
0.00671244
0.00671244
0.00671244
0.00671244
0.00671244
0.00671244
0.00671244
0.00671244
0.00671244
0.00671244
0.00671244
0.00671244
0.00671244
0.00671244
0.00306997
0.00306997
0.00306997
0.00306997
0.00306997
0.00221164
0.00221164
0.00221164
0.00221164
0.00221164
0.00152559
0.00152559
0.00152559
0.00152559
0.00152559
0.00152559
0.00152559
0.00152559
0.00152559
0.00152559
0.00152559
0.00152559
0.00152559
0.00131716
Best:
0.971837	0.946757	

goal: 1,1