Iterations: 50
Function Evaluations Limit: 150000
Population: 50

Prides Length: 4

Percent Nomads: 0.2
Percent Roaming: 0.2
Percent Sex: 0.8

Mating Rate: 0.3
Mutation Probability: 0.2
Immigration Rate: 0.4

Dimensions: 2
N-Dimension Space: 3.14159:15.708

Fitness Iterations:
0.0936102
0.00770571
0.00770571
0.00770571
0.00770571
0.00770571
0.00770571
0.00770571
0.00743369
0.00743369
0.00743369
0.00743369
0.00743369
0.00743369
0.00743369
0.00743369
0.00743369
0.00743369
0.00743369
0.00743369
0.00743369
0.00743369
0.00743369
0.00743369
0.00743369
0.00743369
0.00743369
0.00743369
0.00743369
0.00743369
0.00743369
0.00743369
0.00743369
0.00743369
0.00743369
0.00743369
0.00743369
0.00743369
0.00743369
0.00743369
0.00743369
0.00743369
0.00740249
0.00740249
0.00740249
0.00740249
0.00740249
0.00740249
0.00740249
0.00740249
0.00740249
Best:
3.14159	4.43388	
