Iterations: 50
Function Evaluations Limit: 150000
Population: 50

Prides Length: 4

Percent Nomads: 0.2
Percent Roaming: 0.2
Percent Sex: 0.8

Mating Rate: 0.3
Mutation Probability: 0.2
Immigration Rate: 0.4

Dimensions: 2
N-Dimension Space: -20:20

Fitness Iterations:
0.125465
0.125465
0.122555
0.0413275
0.0413275
0.0153321
0.0153321
0.0153321
0.0153321
0.0153321
0.0153321
0.0153321
0.0153321
0.00921111
0.00921111
0.00722571
0.00722571
0.00722571
0.00722571
0.00722571
0.00722571
0.00722571
0.00722571
0.00722571
0.00722571
0.00722571
0.00722571
0.00722571
0.00722571
0.00722571
0.00722571
0.00722571
0.00722571
0.00722571
0.00722571
0.00722571
0.00722571
0.00722571
0.00722571
0.00722571
0.00722571
0.00722571
0.00722571
0.00722571
0.00722571
0.00722571
0.00722571
0.00722571
0.00722571
0.00722571
0.00722571
Best:
0.0780689	0.129458	
