Iterations: 50
Function Evaluations Limit: 150000
Population: 50

Prides Length: 4

Percent Nomads: 0.2
Percent Roaming: 0.2
Percent Sex: 0.8

Mating Rate: 0.3
Mutation Probability: 0.2
Immigration Rate: 0.4

Dimensions: 2
N-Dimension Space: -6.28319:6.28319

Fitness Iterations:
19.4171
5.51019
5.51019
5.51019
4.51478
4.40361
4.40361
4.40361
1.51125
1.51125
1.51125
1.51125
1.51125
1.51125
1.51125
1.51125
1.51125
1.51125
1.51125
0.935865
0.904597
0.904597
0.904597
0.904597
0.904597
0.904597
0.904597
0.904597
0.904597
0.904597
0.904597
0.904597
0.904597
0.904597
0.904597
0.904597
0.904597
0.904597
0.904597
0.904597
0.904597
0.904597
0.904597
0.904597
0.904597
0.904597
0.904597
0.904597
0.904597
0.794064
0.794064
Best:
-0.0184642	-0.0608827	

goal: 0,0