Iterations: 50
Function Evaluations Limit: 150000
Population: 50

Prides Length: 4

Percent Nomads: 0.2
Percent Roaming: 0.2
Percent Sex: 0.8

Mating Rate: 0.3
Mutation Probability: 0.2
Immigration Rate: 0.4

Dimensions: 1
N-Dimension Space: -6.28319:6.28319

Fitness Iterations:
1.06053
0.00257224
0.00257224
0.00257224
0.00257224
0.00257224
0.00196645
0.00196645
0.00196645
0.000484303
0.000484303
0.000484303
0.000484303
0.000484303
0.000484303
0.000484303
0.000452517
0.000452517
0.000452517
0.000452517
0.000452517
0.000452517
0.000452517
0.000452517
0.000452517
4.38199e-05
1.20986e-05
1.20986e-05
1.20986e-05
1.20986e-05
1.20986e-05
1.20986e-05
1.20986e-05
1.20986e-05
1.20986e-05
1.20986e-05
1.20986e-05
1.80738e-06
1.80738e-06
6.31726e-11
6.31726e-11
6.31726e-11
6.31726e-11
6.31726e-11
6.31726e-11
6.31726e-11
6.31726e-11
6.31726e-11
6.31726e-11
6.31726e-11
6.31726e-11
Best:
-5.64287e-07	

goal: 0