Iterations: 50
Function Evaluations Limit: 150000
Population: 50

Prides Length: 4

Percent Nomads: 0.2
Percent Roaming: 0.2
Percent Sex: 0.8

Mating Rate: 0.3
Mutation Probability: 0.2
Immigration Rate: 0.4

Dimensions: 2
N-Dimension Space: -5:5

Fitness Iterations:
0.26375
0.180239
0.180239
0.0118387
0.0118387
0.0118387
0.000916747
0.000916747
0.000916747
0.000916747
0.000916747
0.000916747
0.000182335
0.000182335
0.000182335
0.000182335
6.62199e-05
5.53846e-05
5.53846e-05
5.53846e-05
5.53846e-05
5.53846e-05
5.53846e-05
5.53846e-05
5.53846e-05
5.53846e-05
5.53846e-05
5.53846e-05
5.53846e-05
5.53846e-05
5.53846e-05
5.53846e-05
5.53846e-05
1.6672e-06
1.6672e-06
1.6672e-06
1.6672e-06
1.6672e-06
1.6672e-06
1.6672e-06
1.6672e-06
1.6672e-06
1.6672e-06
1.6672e-06
1.6672e-06
6.53355e-07
6.53355e-07
6.53355e-07
6.53355e-07
6.53355e-07
6.53355e-07
Best:
-0.000807011	-4.56852e-05	
