Iterations: 50
Function Evaluations Limit: 150000
Population: 50

Prides Length: 4

Percent Nomads: 0.2
Percent Roaming: 0.2
Percent Sex: 0.8

Mating Rate: 0.3
Mutation Probability: 0.2
Immigration Rate: 0.4

Dimensions: 1
N-Dimension Space: -100:100

Fitness Iterations:
0.215535
0.0398972
0.0398972
0.0398972
0.0270761
0.0270761
0.0078565
0.0078565
0.0078565
0.0078565
0.00671468
0.00671468
0.00671468
0.00671468
0.00671468
0.00671468
0.00671468
0.00671468
0.00671468
0.00229958
0.000424543
0.000424543
0.000424543
0.000424543
0.000424543
0.000424543
0.000424543
0.000424543
0.000424543
0.000424543
0.000424543
0.000424543
0.000195373
0.000106592
0.000106592
0.000106592
0.000106592
0.000106592
0.000106592
0.000106592
0.000106592
0.000106592
0.000106592
0.000106592
0.000106592
9.77244e-05
9.77244e-05
4.63777e-05
2.07067e-05
2.07067e-05
2.07067e-05
Best:
0.00643372	
