Iterations: 50
Function Evaluations Limit: 150000
Population: 50

Prides Length: 4

Percent Nomads: 0.2
Percent Roaming: 0.2
Percent Sex: 0.8

Mating Rate: 0.3
Mutation Probability: 0.2
Immigration Rate: 0.4

Dimensions: 1
N-Dimension Space: -5:5

Fitness Iterations:
0.00151148
0.00151148
0.000296925
0.000296925
9.71633e-07
9.71633e-07
9.71633e-07
9.71633e-07
3.5257e-07
3.5257e-07
3.5257e-07
3.5257e-07
3.5257e-07
1.03887e-09
1.03887e-09
1.03887e-09
1.03887e-09
1.03887e-09
1.03887e-09
1.03887e-09
1.03887e-09
1.03887e-09
1.03887e-09
1.03887e-09
1.03887e-09
1.03887e-09
1.03887e-09
1.03887e-09
1.03887e-09
1.03887e-09
1.03887e-09
1.03887e-09
1.03887e-09
1.03887e-09
1.03887e-09
1.03887e-09
1.03887e-09
1.03887e-09
1.03887e-09
1.02081e-09
1.71328e-10
1.71328e-10
1.71328e-10
1.71328e-10
1.71328e-10
1.71328e-10
1.71328e-10
1.71328e-10
1.71328e-10
1.71328e-10
1.71328e-10
Best:
-1.30892e-05	
