13-Dec-2018-18_03_38
 - Ran 940.560279 sec, min 2700.21


Best Xs
Iter 01: -59.2287	-29.7492	21.7315	39.9011	26.4798	-20.5828	15.1708	-67.0395	6.00349	32.5857	-16.7565	-3.81348	40.9708	12.88	77.5685	53.7863	-19.0855	54.2637	-46.6697	-15.3331	-15.9079	76.15	6.81582	81.3125	-96.1983	51.8978	-56.0827	54.5731	13.2299	7.05108	
Iter 02: -59.0311	-30.466	1.52411	42.0095	43.6559	3.20854	3.5138	-58.8402	-1.62454	47.9884	15.5269	3.20044	81.2537	54.8789	71.4523	44.9376	-2.15878	50.5273	-35.7484	-38.6012	-22.8342	54.3566	-0.142267	77.6896	-46.9602	89.3485	-44.4938	54.0924	43.8815	7.15498	
Iter 03: -33.0873	-41.3681	-7.1121	40.549	63.2766	-10.0203	31.7747	-62.5656	62.184	39.9421	-24.3842	0.948712	41.4995	38.2902	83.6159	54.8721	-27.5592	45.1979	-61.3304	-10.9856	-13.1018	55.2579	14.175	36.9547	-77.9972	82.8445	-43.5246	46.9619	30.373	16.3094	
Iter 04: -47.599	-38.1461	-15.2343	66.6844	26.633	-20.8179	5.61108	-61.8589	93.2045	33.6469	-27.235	-15.0946	37.9873	52.0254	64.4876	36.5595	-28.6544	47.7423	-52.4498	-28.9325	-33.303	79.3867	9.92515	45.1967	-72.0267	80.2381	-30.1614	66.7572	22.6721	22.5919	
Iter 05: -38.7773	-85.6895	15.7937	48.4987	34.9468	-12.4172	41.7092	-66.2865	31.4146	34.9879	-21.7224	-23.9032	65.4571	49.0456	66.5038	49.3033	-23.134	50.5727	-56.6158	-28.7531	-22.906	68.4262	16.6022	58.1204	-44.9079	50.5137	-13.5139	26.892	41.9414	21.644	
Iter 06: -55.5528	-54.4852	10.7572	40.3544	63.3696	-12.6876	33.4909	-52.3208	66.2008	19.0631	-26.2171	-8.63261	79.7091	47.9709	63.3982	41.3001	-20.0854	39.7295	-60.212	-31.3864	-10.9616	56.1561	-6.42384	47.7814	-53.1754	57.135	-21.73	56.1078	41.7829	18.4706	
Iter 07: -57.683	-59.5872	16.4505	83.1052	44.4691	-28.2188	45.2966	-59.0366	2.44021	26.1194	-21.8626	-21.4918	53.5251	29.5282	65.6831	31.8334	-30.7798	40.3807	-68.9165	-8.32286	-22.1592	69.8548	-8.07468	59.9689	-44.4901	46.2379	-29.6109	45.5224	34.1111	10.8942	
Iter 08: -39.9343	-50.6313	11.4446	32.6467	81.9896	5.6828	26.852	-60.6296	39.5716	38.9074	-19.3778	3.65992	50.1592	33.8119	90.186	42.894	-20.4769	21.0124	-69.0704	-27.6426	-37.1752	57.8259	4.12461	37.4822	-76.2888	60.1987	-33.9266	59.5975	38.9602	25.4962	
Iter 09: -49.271	-39.9814	8.18745	50.2208	32.0388	5.70432	20.4072	-77.5224	3.64878	49.6863	-1.91573	-17.5423	52.9697	56.417	93.822	58.7449	-30.0032	48.0385	-69.331	-27.1128	-22.9092	48.2543	20.851	38.6925	0.571033	64.6594	-47.1005	59.9443	38.2066	12.6772	
Iter 10: -65.2204	-55.4985	-12.9611	45.9223	63.7068	4.47105	39.5006	-68.3443	-0.396757	33.8651	-20.778	-14.471	60.3429	23.9252	91.7476	49.364	-17.3036	47.4026	-65.0988	-23.4941	-31.2759	61.6245	-12.3854	77.0931	-43.4226	48.8964	-32.482	40.981	21.4936	-6.82647	
Iter 11: -48.8166	-54.7767	22.6555	23.8368	70.8604	-33.4425	30.5959	-61.9208	55.8245	39.4705	-30.5432	-3.28674	82.5719	51.8444	64.3054	45.5162	-26.7736	38.1704	-57.6053	-17.1438	-21.275	64.19	4.71069	42.9944	-76.3011	65.9923	-22.6706	55.2303	18.8868	10.2799	
Iter 12: -40.1726	-61.11	32.1094	50.7815	54.9802	-27.0071	5.29618	-63.3733	5.3576	26.9743	-27.0021	-10.3288	67.0285	43.233	57.2716	38.782	-11.66	46.2215	-53.7587	-19.2012	-15.8902	92.0375	-0.0176831	55.5277	-30.9571	84.0392	-39.2543	47.7839	33.1177	9.75311	
Iter 13: -42.8108	-39.6219	-4.36721	61.6356	35.6447	-28.6033	27.8473	-55.8927	24.9396	41.2131	-2.19458	17.1167	60.722	60.2496	70.7277	29.617	-29.8078	37.6533	-77.8503	-33.6906	-25.8114	43.833	5.79902	68.6282	-37.249	67.011	-62.4149	68.4172	28.8648	27.6543	
Iter 14: -48.0609	-44.4446	8.40128	36.0724	61.6482	-35.4185	33.0474	-68.9303	-21.9962	45.0042	-25.5257	0.951833	71.2252	30.0133	77.2828	37.9096	-43.2411	39.8525	-51.4339	-18.275	-35.8121	40.6215	14.6709	60.6206	-93.7883	63.5657	-21.2516	26.1831	57.2951	23.3923	
Iter 15: -37.619	-48.5745	2.1766	47.2672	54.7571	-20.8116	11.4453	-81.7962	-25.9819	36.7924	0.621677	-15.9362	55.8012	41.8132	112.263	50.6718	-37.2014	36.7405	-66.727	-27.4255	-22.6505	59.2436	0.352509	37.4765	-43.715	71.3431	-16.3945	37.6775	39.2154	-4.12096	
Iter 16: -52.2113	-38.1384	19.8366	35.6572	39.5282	-26.2608	12.2889	-65.5408	19.7465	39.6662	-15.8665	-12.0544	56.2875	65.4205	68.6187	38.8148	-16.9298	34.8241	-65.0929	-11.0239	-40.1929	85.0363	-4.5955	34.8795	-64.4461	55.3556	-41.4287	39.4699	32.3184	20.1324	
Iter 17: -30.9551	-51.6299	11.2457	53.6657	58.7647	-12.2934	35.359	-59.8379	35.8208	30.2005	-29.4487	-24.935	66.6512	51.8342	85.6702	45.1467	-17.4871	54.5762	-64.2816	-19.7526	-14.3356	79.2332	12.5172	25.8182	-64.5776	66.9433	-25.565	42.6276	15.9439	1.08476	
Iter 18: -58.4334	-61.8071	38.7994	58.5668	51.2874	-5.05452	23.6138	-67.3605	36.5073	24.7034	-33.9548	-33.2277	43.8979	30.2226	63.0785	47.5779	-25.5584	44.2747	-45.2512	-6.4284	-26.9123	58.2107	12.0225	49.1214	-47.4659	74.2922	-18.7875	72.9113	66.1916	-2.0276	
Iter 19: -33.8957	-50.4202	28.2442	29.1041	48.4755	-27.9331	24.2095	-69.035	4.00169	47.4927	-22.2601	18.8818	80.9426	38.292	84.3704	50.724	-17	22.1262	-62.4493	-11.9189	-26.7637	49.4978	-11.5559	22.8415	-56.5885	67.3854	-41.3932	53.4917	40.4249	19.7786	
Iter 20: -57.0982	-42.5956	5.77733	34.5869	63.4277	-26.5494	8.7733	-58.4186	-3.5858	48.9991	-15.9886	-12.3867	66.567	29.4795	96.7849	30.9768	-25.0986	57.9614	-54.8087	-11.5334	-42.0341	65.5069	-2.66966	56.7166	-69.8671	46.9731	-22.1957	23.2407	42.2829	29.8692	
Iter 21: -55.0371	-18.151	-4.04302	28.046	24.4316	-33.2752	26.5863	-65.6501	67.1335	50.7286	3.59042	-16.2541	62.2079	57.2936	106.564	35.0097	-23.775	46.6406	-51.3789	-32.5886	-27.826	58.3083	-6.39354	75.7723	-37.8478	68.2183	-52.2813	45.9377	33.4729	12.8719	
Iter 22: -59.8993	-48.6591	32.8983	64.6895	34.9555	-20.4025	50.5441	-66.9846	64.1955	36.5664	-5.88977	-3.92474	47.2953	38.1961	74.7035	35.0855	-34.2317	59.6118	-55.8553	7.33585	-39.7209	46.6603	7.8792	44.5587	-68.7127	81.8006	-47.2141	33.1463	29.9182	25.5457	
Iter 23: -53.299	-49.6789	23.9474	60.3952	57.4077	-4.61462	24.7893	-65.7512	44.6042	23.0282	-30.0965	19.8325	58.0115	44.7736	62.9227	35.7648	-28.8854	25.8075	-61.9232	-12.7868	-24.7493	74.8789	1.23789	45.699	-62.2043	88.5671	-15.924	46.3378	40.9033	13.2443	
Iter 24: -42.1401	-52.3006	12.7822	31.5275	62.9452	-24.6005	14.1472	-59.3877	13.1583	17.2376	-29.016	-16.3571	65.354	32.7416	69.8954	37.9772	-14.0793	50.6034	-53.8388	-11.0928	-27.2157	66.2319	-2.8368	82.4951	-63.5456	85.8568	-19.0401	35.327	27.0392	5.29344	
Iter 25: -22.2436	-43.1635	-2.99556	53.6065	38.2973	-23.2412	11.2028	-53.9297	52.4245	23.5612	-27.9584	-9.49833	60.0198	38.5929	70.9067	29.1079	-28.2633	25.3319	-58.7041	-18.9453	-16.0713	80.4546	0.0797325	44.8933	-88.8505	88.961	-19.5114	87.9259	28.2041	22.3674	
Iter 26: -37.4309	-61.1362	21.3561	38.7925	38.2695	-21.3097	28.1633	-83.5727	-18.9713	44.9215	-6.39181	-9.81695	32.6644	43.5744	104.177	34.121	-29.5127	26.9418	-46.6388	-13.6907	-31.3899	48.6144	2.82457	69.749	-40.5401	94.6859	-6.05826	56.8455	25.7968	3.27854	
Iter 27: -36.6223	-29.3137	16.483	43.9349	54.9291	-9.39209	43.5308	-55.5557	39.4949	34.0632	-11.2642	-9.68254	74.5544	38.2297	64.9785	34.1568	-23.0584	13.725	-81.256	-27.4623	-24.6981	85.7689	-9.0763	75.0857	-77.8513	50.4961	-43.1832	65.699	35.1105	9.01462	
Iter 28: -54.6048	-21.1823	-1.18463	53.1257	46.6877	-16.8694	34.9097	-80.6033	14.0021	53.0231	11.8532	-2.06703	53.3822	49.4378	97.4082	42.2541	2.61227	44.8763	-54.5395	-28.8962	-19.5863	69.5716	-15.7187	28.8384	-53.7751	41.0154	-44.7867	35.8581	38.9017	9.73382	
Iter 29: -43.4266	-39.825	26.199	60.1857	24.0851	-20.6278	22.6516	-73.6702	58.2472	38.2264	-20.8744	-10.8307	84.8819	39.0729	33.414	44.782	-25.5877	41.2946	-57.3311	-33.2187	-27.1521	61.9934	6.19433	58.1252	-60.7545	74.2086	-18.2683	34.73	65.2332	16.6332	
Iter 30: -31.1767	-63.641	3.452	43.1764	61.2527	-22.5879	38.9867	-57.616	-13.6838	36.0804	-13.3405	-16.7756	77.6951	39.2377	75.2806	43.8809	-15.3024	60.813	-54.5354	-18.9716	-13.9247	87.5198	-0.587427	33.9011	-31.1227	59.0941	-39.9304	44.7172	34.9762	17.309	
Iter 31: -42.9963	-46.3787	-1.66357	24.1157	72.4265	-11.624	25.2036	-68.8728	53.7334	43.0233	-11.0945	17.1774	40.8142	33.5133	75.8829	38.227	-21.1437	41.173	-64.5578	-18.105	-24.1441	64.5745	6.7848	79.0446	-112.11	48.7211	-36.8208	26.5232	52.2547	14.5047	
Iter 32: -57.666	-50.7874	24.9444	12.4504	67.2594	-19.4441	21.4571	-72.6562	-39.3286	42.9553	-17.2662	-2.30167	74.939	38.7858	69.4856	40.1021	-29.8373	35.2132	-76.9342	-14.2809	-34.5717	62.93	-0.309463	51.1793	-40.343	67.1466	-39.2633	36.1404	47.1045	21.7281	
Iter 33: -48.4023	-33.7941	1.35916	32.4664	30.6982	-20.9474	44.7862	-67.084	46.2611	48.2347	-4.5544	9.43412	60.2486	62.7064	70.3669	41.4819	-24.1957	30.9676	-61.2028	-15.7155	-28.2554	69.3094	-17.6589	37.1507	-53.0728	75.0334	-43.5252	48.1055	23.5235	10.9432	
Iter 34: -45.8511	-32.2808	9.00824	31.1725	57.6464	-24.9632	18.0261	-81.5538	-7.39937	66.4413	2.21646	7.34379	64.1342	33.7602	65.1794	36.3776	-45.3663	34.2874	-76.2893	-9.36284	-33.5034	56.6216	7.09535	42.371	-82.8443	96.3094	-0.104969	56.1801	46.7677	29.886	
Iter 35: -56.91	-37.9155	-2.96522	61.4344	50.7319	-12.0352	23.2768	-57.0238	39.3144	42.5095	-2.10388	6.91611	87.0994	28.5994	54.667	44.9804	-7.22894	63.9249	-51.8622	-19.5491	-20.7866	82.4154	12.2415	67.5087	-64.5185	68.6838	-47.2109	15.5415	60.1051	-0.0997824	
Iter 36: -46.1809	-46.9861	-5.9785	35.6993	34.9274	4.94022	23.4141	-72.7234	31.2547	14.8515	-41.4201	-24.2455	81.3122	56.5558	55.435	45.3428	-27.4498	32.0723	-65.2443	-17.8328	-22.1648	51.5979	6.21489	58.3601	-58.5733	71.4588	-33.6346	56.2378	70.2348	-2.50074	
Iter 37: -38.7795	-78.14	6.56319	42.2012	46.9694	-12.6585	28.7672	-57.3492	-19.1709	44.3688	-28.3717	-33.7806	50.6239	51.6445	58.4308	48.9919	-12.765	41.4157	-54.5498	-14.7775	-30.0269	94.6107	7.36918	43.7792	-58.9052	58.6284	-11.2655	57.6955	32.0019	24.2041	
Iter 38: -56.8138	-56.6043	15.0509	55.496	52.9424	-28.2096	28.9688	-66.5912	5.32917	28.3288	-16.3613	-18.3262	51.6133	62.1681	51.469	53.1095	-26.4701	50.2561	-77.1696	-5.47906	-17.0333	77.8649	-4.15288	55.3457	-46.4558	61.354	-16.2798	54.0193	34.5679	9.84901	
Iter 39: -51.4404	-60.3011	13.8912	52.6083	40.3607	-12.9938	28.4176	-56.14	23.597	23.5697	-24.3195	-24.1177	70.4201	55.395	46.4555	35.1135	-23.9776	56.8821	-47.9076	-19.5807	-34.9096	70.8275	-0.43669	66.7558	-48.8816	64.4242	-14.6836	46.4618	31.1044	8.22624	
Iter 40: -43.6417	-43.9796	-4.23884	54.8049	72.9234	-26.6075	10.9001	-64.7324	43.9449	19.743	16.4617	-4.32161	50.1794	31.4006	73.0713	33.5321	-18.6385	37.2481	-61.2618	-17.1128	-6.71687	42.966	-3.05931	44.1378	-79.2708	75.424	-37.1003	56.5314	57.7572	-1.80346	
Iter 41: -44.1714	-40.7821	26.0778	57.8857	60.7889	-20.572	31.6783	-58.5391	34.1981	36.4299	-5.88824	-27.488	80.722	38.7278	77.4419	24.4487	-26.2045	37.3634	-63.5045	11.0816	-35.6768	67.219	10.5487	31.892	-76.6754	70.5502	-20.0988	27.3059	46.0747	10.6867	
Iter 42: -35.0675	-76.3872	14.632	39.0697	45.6824	-16.4182	39.1605	-78.6083	15.5358	33.5252	-38.4023	8.26313	84.4381	21.7456	82.978	67.1904	-0.664791	37.3253	-33.4762	-23.0604	-29.0523	48.8906	-9.26058	60.3907	-55.5269	62.8884	-42.1226	43.1881	34.0445	-0.528866	
Iter 43: -63.5102	-39.8743	25.8204	36.2951	62.8131	-20.4361	12.0312	-51.8067	40.5006	21.1818	-26.1243	-1.12422	44.3136	36.3265	78.2949	56.0887	-23.3693	45.3725	-61.105	-10.0426	-2.43202	71.0427	0.724361	46.1732	-86.0454	74.537	-20.4999	65.1821	36.4889	8.127	
Iter 44: -63.3553	-59.378	16.4173	43.5216	55.2092	-22.1132	34.0938	-60.6685	62.9765	29.7705	-3.27773	-39.7236	89.7404	30.4011	76.9761	43.6751	-7.59054	55.6536	-33.922	-19.3603	-10.0619	70.0227	-14.4465	43.4653	-32.749	61.5519	-32.2912	61.866	34.8252	15.8887	
Iter 45: -63.086	-42.4827	1.75051	46.8785	49.0829	12.4928	56.9385	-65.2498	32.0214	21.1832	-28.4306	1.17445	83.7683	51.9589	64.3799	46.2598	-14.6058	36.5698	-55.3778	-27.5858	-19.9051	78.0929	3.78276	68.6024	-13.7205	57.6136	-30.5092	59.551	33.0041	-3.85972	
Iter 46: -49.6215	-49.1448	-6.53731	69.4814	65.2855	-34.5071	9.74234	-64.0818	-21.3187	32.4573	-25.4348	-30.0904	54.2688	33.547	79.1985	39.165	-26.7324	43.1245	-63.0824	-7.33842	-28.8992	50.4973	1.13277	24.7637	-88.813	68.9399	-28.8478	37.4392	50.4037	22.2064	
Iter 47: -64.8173	-32.5847	27.3054	28.5788	48.7922	-23.9733	-3.39864	-69.982	14.719	45.3659	-22.6931	10.6032	71.6409	49.3253	78.248	38.7605	-30.0034	64.2717	-53.8701	5.67532	-20.1304	44.8379	15.9229	49.8978	-30.776	80.6609	-24.0002	66.746	60.7399	18.9988	
Iter 48: -62.113	-44.6908	4.20863	49.5978	51.6172	8.78146	6.83395	-61.9226	47.0216	36.9128	-13.5742	-24.7093	70.1097	37.9928	52.0387	41.6412	-32.9627	61.592	-65.8209	-2.86479	-21.1914	71.8131	22.0785	25.112	-74.6084	76.8104	-19.7324	55.8223	32.9644	11.8632	
Iter 49: -53.8548	-41.4863	15.0351	35.6109	58.7166	-3.75139	39.9974	-76.9192	39.654	33.3011	-6.69095	-15.443	54.82	42.9513	57.664	53.1285	-13.1052	46.87	-63.2289	-11.9902	-15.8804	59.4489	-11.2636	31.0874	-48.3772	66.4945	-51.4444	43.6961	47.3271	-12.7838	
Iter 50: -69.2929	-33.2231	17.1196	32.6763	49.1194	-1.5578	33.0147	-71.936	61.1153	38.556	-21.4755	0.103344	67.9466	37.9367	84.4267	25.9705	-33.5024	41.7098	-60.0191	-10.4091	-48.6145	82.258	-4.09105	33.8769	-11.8163	59.9128	-22.5437	56.9777	59.3645	20.0573	
Iter 51: -31.8142	-40.5711	13.2493	31.3477	57.5475	-13.3755	-3.16294	-73.9247	73.1385	40.7977	-8.3147	13.7769	41.8718	20.4751	65.6357	33.0929	-17.0056	69.4533	-62.0978	2.5398	-32.354	61.1826	7.65319	43.905	-97.103	70.4402	-59.3289	74.7746	30.7253	15.8141	
Iter 52: -31.9947	-37.7994	6.95446	47.3683	44.2844	-34.9487	16.4219	-59.0843	65.5373	44.6439	-1.82399	-3.00581	57.4647	37.4482	79.2772	48.0635	-23.6355	34.4551	-50.7971	-27.3033	-22.5695	37.9095	-6.99363	76.2462	-65.724	57.1354	-0.757265	58.3124	62.1231	14.3619	
Iter 53: -47.6707	-58.8259	15.7961	74.0311	47.3778	-20.5987	10.2785	-59.4901	21.9016	52.6613	-18.4991	10.0972	48.9835	45.527	60.0961	52.9905	-5.54082	45.3794	-54.0148	-17.1555	-20.0969	72.5095	-15.5902	49.5954	-71.2526	51.0388	-26.6272	42.882	35.5581	25.0951	
Iter 54: -55.3127	-40.5172	1.03811	48.4332	34.728	-37.1721	19.6726	-44.8271	24.4287	14.8538	-42.3751	-20.9445	74.4112	23.8937	68.3415	42.3617	-23.9115	53.8744	-54.5678	-2.57335	-25.6507	66.8492	-1.86779	44.2943	-72.4095	92.9346	-30.1756	38.9786	57.7666	12.3356	
Iter 55: -43.1371	-72.1723	-7.32391	48.4486	50.9867	-20.2493	-10.3566	-60.4979	-26.7619	43.8895	-24.4823	-6.22146	44.6038	33.1829	54.3423	35.6021	-16.6789	63.0228	-55.4207	9.33768	-62.9815	89.9539	13.8896	44.3239	-97.8466	56.5934	-37.7286	81.2049	53.5602	22.0238	
Iter 56: -56.3242	-56.0858	-2.44845	26.8367	62.6073	-19.4842	34.8844	-43.4968	8.73553	27.8074	-29.6241	32.3689	75.3515	40.9048	75.3409	29.7431	-18.2816	53.4734	-52.5478	-13.6435	-26.7272	66.6811	10.8143	57.1092	-68.7509	91.9314	-3.5883	38.976	46.5531	1.87942	
Iter 57: -41.0632	-73.3199	22.6654	57.1645	73.3239	-8.25044	26.5159	-80.9335	39.7871	35.7469	-14.186	-6.39558	31.6791	44.8506	82.9303	41.2418	-27.2992	44.5247	-56.7112	-22.5606	-21.5519	52.3469	11.4297	41.5854	-44.4885	56.9439	-27.674	53.4607	39.154	9.96765	
Iter 58: -66.5638	-52.4404	0.551516	35.6945	54.1973	-4.34694	31.9788	-60.6571	11.0791	28.8086	-10.9631	-12.3104	55.723	23.8232	75.4959	53.7416	-8.28013	55.3041	-60.9724	-9.05125	5.03005	84.7216	0.924459	52.8392	-79.1945	50.2325	-14.2353	33.2678	27.1779	5.19574	
Iter 59: -58.5304	-68.9236	30.2655	40.277	38.5924	-20.6739	-5.81905	-67.6313	-4.09701	40.4623	-18.9434	-4.06039	80.8295	73.4396	61.835	38.509	-26.4051	59.3815	-68.1878	-17.2082	-35.0205	36.7412	0.40761	29.8072	-86.0935	63.0049	-23.1436	52.9152	37.0428	16.6134	
Iter 60: -51.4427	-42.4802	0.258039	42.5459	58.9004	-6.49529	4.68	-66.2825	33.547	33.0416	-38.9353	8.56339	86.3643	25.5082	67.6997	56.5814	-10.2517	49.4622	-44.64	-10.486	-18.127	64.3079	-10.0004	73.0708	-33.2085	76.3748	-37.4915	64.592	33.2828	13.52	

Best Xs Fitness
2700.61
2700.63
2700.29
2700.51
2700.34
2700.21
2700.37
2700.36
2700.57
2700.46
2700.22
2700.25
2700.54
2700.38
2700.32
2700.33
2700.4
2700.39
2700.39
2700.52
2700.48
2700.39
2700.32
2700.23
2700.41
2700.65
2700.36
2700.6
2700.43
2700.35
2700.35
2700.26
2700.35
2700.47
2700.49
2700.5
2700.39
2700.22
2700.28
2700.49
2700.44
2700.42
2700.22
2700.38
2700.4
2700.3
2700.52
2700.37
2700.31
2700.48
2700.56
2700.43
2700.35
2700.41
2700.7
2700.46
2700.35
2700.43
2700.45
2700.32
