13-Dec-2018-12_37_59
 - Ran 453.972894 sec, min 700.507


Best Xs
Iter 01: 55.498	9.44867	68.7284	31.3286	12.4936	50.1195	60.4542	78.0819	-79.8939	58.4071	17.8411	78.0306	4.32348	-2.75348	48.23	-43.535	-0.221678	64.2648	11.9514	55.6746	37.2636	14.1791	-40.7137	26.4948	-66.6171	19.8823	25.6079	36.8344	61.6434	77.2969	
Iter 02: 55.9651	9.67334	68.6974	31.4307	12.2623	50.6811	60.6028	78.2366	-79.9109	58.4808	18.0367	78.0164	4.44866	-3.71111	48.3764	-43.4683	-0.109083	63.6438	12.1842	55.2331	38.3153	13.7327	-40.5912	26.8209	-65.7039	20.2681	25.5441	36.744	62.0698	77.2106	
Iter 03: 56.0503	10.1742	68.9168	31.3248	12.6616	50.7611	60.277	77.8149	-79.9297	58.6762	17.9581	78.1347	4.41588	-3.40096	48.4212	-43.8864	-0.413064	63.7638	12.0492	55.4572	37.7492	13.5878	-40.6018	26.3702	-66.1515	20.408	25.6576	36.8716	62.6385	76.9675	
Iter 04: 55.1524	9.91712	68.8161	31.6486	13.0797	51.056	60.6131	78.2721	-79.8715	57.6992	17.9382	77.9959	4.343	-3.00067	48.437	-43.9597	0.0606971	63.7661	12.2073	55.092	38.5969	13.7873	-40.7337	26.5411	-66.1717	20.0776	25.5709	36.7388	62.3625	77.2184	
Iter 05: 56.1217	8.82486	68.7402	31.4249	12.5276	50.2152	60.6268	78.1052	-79.9988	58.4589	18.0946	77.9981	4.55503	-3.18439	48.35	-43.253	0.108726	64.2972	11.5118	54.8637	38.0518	13.6935	-40.6105	26.7069	-66.2476	20.0044	25.6091	36.7982	62.3046	77.146	
Iter 06: 54.5222	9.08318	68.5054	31.6625	12.8716	50.426	60.4185	77.9741	-79.9114	58.5557	18.1928	77.9149	4.61122	-3.75061	47.9801	-43.1815	-0.421958	64.0401	12.0177	54.946	38.0296	13.8521	-40.4842	26.5271	-66.3942	19.9299	25.4935	36.9389	62.2673	77.2619	
Iter 07: 55.5727	9.69501	68.7457	31.5095	13.3787	49.6134	60.3818	78.1656	-79.7136	58.4034	18.0928	77.7518	4.3449	-3.18488	47.9702	-43.8471	-0.521277	63.2831	11.9566	54.8646	37.4838	13.913	-40.3826	26.6416	-66.4528	20.1352	25.6312	36.9346	62.7381	77.4537	
Iter 08: 56.1419	9.47697	68.5569	31.5394	13.3247	50.4959	60.1678	77.9067	-79.9524	58.6315	18.1395	78.2962	4.85202	-2.76666	48.0178	-43.6659	-0.486353	63.9239	11.4714	55.0027	38.4164	13.7204	-40.5801	26.4948	-66.1394	19.8558	26.0159	36.9212	62.1467	76.9141	
Iter 09: 55.567	9.75261	68.7168	31.3504	13.4541	49.9045	60.1402	77.9087	-79.8009	58.5672	18.0474	77.9783	4.54775	-3.55216	48.2359	-43.4772	0.0585836	63.7775	12.1815	54.5152	37.0169	13.7543	-40.5408	26.4056	-66.2054	20.0056	25.4988	36.8798	62.2139	77.0069	
Iter 10: 55.2438	9.56474	68.5586	31.6916	12.5761	49.9644	60.0784	77.911	-79.7729	58.5628	18.5418	78.1667	4.94729	-3.2468	48.1058	-43.5587	-0.708567	64.4891	11.6477	54.7515	37.8089	13.6602	-40.6107	26.4541	-66.0799	19.9242	25.3839	37.0114	62.3941	77.1485	
Iter 11: 56.1434	9.61686	68.7593	31.5269	13.245	50.659	60.2419	77.7686	-79.8856	58.4352	17.8945	78.404	4.27573	-3.03378	48.2875	-43.5119	-0.151541	63.8219	11.9175	54.8751	38.1638	14.231	-40.578	26.3651	-66.2138	20.0528	25.6258	36.8595	62.289	77.206	
Iter 12: 56.0178	9.95711	68.8328	31.3298	13.1288	49.8361	60.3134	78.2137	-79.8505	58.5778	17.7893	78.1177	4.40342	-3.01616	48.3949	-43.5236	-0.290915	63.7663	11.9868	55.4772	38.3307	13.992	-40.3561	26.5564	-66.5776	20.0977	25.5235	36.9672	62.0385	77.2317	
Iter 13: 55.4549	9.4238	68.6506	31.223	13.0087	50.1838	60.356	77.9634	-79.7995	59.2738	18.2048	78.0171	4.7537	-3.33911	47.8079	-43.3766	-0.257354	63.4285	11.3758	55.5773	37.2028	13.3952	-40.5989	26.4939	-66.7129	20.0276	25.7303	37.0162	62.4383	76.9822	
Iter 14: 56.1611	9.16151	68.5368	31.4647	13.1211	50.0458	60.2602	78.0216	-79.8273	58.6682	18.0724	77.9175	4.43229	-2.90099	48.2786	-43.3806	0.144	63.5346	11.9052	55.0152	38.2893	12.9266	-40.8467	26.432	-66.168	19.8688	25.9781	36.929	62.664	76.9829	
Iter 15: 56.1704	9.86641	68.4065	31.4212	13.2398	50.5926	60.6003	78.0396	-79.9321	58.5444	17.8596	77.8069	4.51999	-2.85141	48.1563	-43.491	-0.201092	63.9151	11.8776	55.108	37.9889	14.0266	-40.5223	26.7047	-66.5383	19.7255	25.7724	36.7933	62.3946	77.0541	
Iter 16: 56.1777	9.3487	68.6554	31.3223	12.7192	50.8421	60.619	77.902	-79.9121	59.1614	18.2646	78.155	4.37935	-3.52329	47.813	-43.4669	-0.223171	63.2413	11.9301	54.8411	37.9203	14.0362	-40.7478	26.6507	-66.7689	19.9176	25.7927	36.7706	62.1871	77.0234	
Iter 17: 55.1709	9.56656	68.7557	31.519	12.7388	49.6346	60.3189	77.9109	-79.9089	58.4145	18.148	78.2941	4.23882	-2.69322	48.0828	-43.4575	-0.429429	64.0837	11.8928	54.8948	38.2875	13.5849	-40.5795	26.4052	-66.0005	20.0538	25.5721	36.8662	62.0898	77.3878	
Iter 18: 56.1925	9.43966	68.7721	31.2795	12.5949	50.2863	60.5291	77.9859	-79.9615	59.022	18.2668	77.9123	4.35927	-3.33135	47.9818	-43.4145	-0.854133	63.8833	11.8147	55.3729	38.3703	13.5988	-40.7252	26.441	-66.8127	20.2737	25.7828	36.81	62.1666	77.0801	
Iter 19: 55.49	9.71365	68.7089	31.2266	13.5149	49.7894	60.1819	77.9432	-79.8781	58.5908	17.8844	77.9929	4.61888	-3.40779	48.4386	-43.3964	0.252447	63.9356	11.6554	54.8119	37.5339	13.9566	-40.6322	26.5363	-66.7365	19.6087	25.6778	36.8748	62.1103	76.975	
Iter 20: 55.4903	9.53418	68.8456	31.5977	13.4531	50.1349	60.3111	77.779	-79.8327	58.4754	17.9215	77.4067	4.20922	-3.70294	48.1063	-43.479	-0.937898	63.791	12.124	55.1313	37.578	13.7831	-40.4677	26.4962	-65.8204	20.1704	25.7449	36.8473	62.3027	77.4082	
Iter 21: 56.2057	9.75045	68.6234	31.7652	13.1275	50.0687	60.2499	78.039	-80.0392	58.4962	18.2849	78.1091	4.41828	-3.31564	47.978	-43.2273	-0.00166108	64.0955	12.0508	55.1377	38.1565	13.3018	-40.5872	26.4141	-66.5185	19.8987	25.5688	36.9032	62.1722	77.3343	
Iter 22: 54.4865	10.2637	68.616	31.3061	13.1319	50.2199	59.6727	77.6857	-79.6859	58.8296	17.8281	78.0135	4.18901	-3.25783	48.532	-43.5769	-0.500878	63.983	11.8029	54.3579	37.61	14.6554	-40.4163	25.9944	-66.2966	20.2465	25.5301	36.9355	62.873	76.9546	
Iter 23: 55.8886	9.68006	68.7973	31.3346	13.342	50.6448	60.4108	78.1196	-79.8775	58.6221	18.0502	78.1895	4.70991	-3.16541	48.4119	-43.5234	-0.891763	63.8837	12.1231	54.6527	38.09	13.9167	-40.5921	26.5397	-66.3796	19.8507	25.5831	36.8121	62.2665	76.922	
Iter 24: 54.6301	9.6035	68.6969	31.5693	13.3113	50.0933	60.6296	78.4777	-79.7838	58.7045	18.4081	77.7519	4.5629	-3.17021	48.1889	-43.431	0.428702	63.6321	11.9246	55.0931	38.1018	13.2467	-40.6165	26.7211	-66.3884	20.0835	25.5161	36.693	62.3258	77.0774	
Iter 25: 55.9539	9.71388	69.002	31.3269	13.2492	50.485	60.4587	77.9393	-79.9181	58.6955	18.0025	78.1383	4.49815	-3.39097	48.4382	-43.6919	-0.557559	63.6128	11.9805	55.0994	38.13	13.8516	-40.4018	26.517	-66.2504	20.416	25.3841	36.8795	62.4366	76.8734	
Iter 26: 55.6979	10.0242	68.8321	31.3251	13.2369	50.5422	60.3605	77.898	-79.85	58.2977	17.8316	77.8022	4.28197	-3.12386	48.2491	-43.4817	0.348365	63.6875	11.5504	54.9749	38.3346	13.7556	-40.5238	26.299	-66.6541	20.013	25.2814	36.8212	62.6056	77.2007	
Iter 27: 56.5092	9.777	68.7642	31.7436	13.1934	49.6806	60.3569	77.9803	-79.8112	58.6677	17.5115	78.1891	4.20766	-3.2384	48.4318	-43.6467	-0.245026	64.083	11.982	55.2731	36.567	13.9915	-40.4391	26.6038	-66.1689	19.6268	25.9123	36.9196	62.5641	77.1547	
Iter 28: 54.7377	9.88586	68.6709	31.571	13.3269	50.3062	60.6948	78.4642	-79.9157	58.4966	18.0825	78.1626	4.45112	-3.05125	47.9704	-43.6219	0.072834	63.6174	11.9432	54.8567	37.8307	13.8346	-40.3967	26.7473	-66.5416	20.0742	25.8691	36.7749	62.83	77.0414	
Iter 29: 55.7908	9.53146	68.6385	31.5318	13.2911	50.057	60.533	77.9143	-79.9959	58.5299	18.1721	77.8782	4.36963	-3.12607	47.9869	-43.5222	-0.138677	64.111	11.6559	54.732	38.1723	14.0435	-40.6638	26.4994	-66.2054	20.1146	25.7898	36.9167	62.2591	76.9082	
Iter 30: 56.0318	10.0557	68.8044	31.4011	13.2303	50.1732	60.489	78.0918	-79.7993	58.5166	18.0866	77.7112	4.35412	-3.08398	47.9211	-43.6423	-0.398348	63.5655	11.9691	54.963	38.1835	13.7708	-40.3077	26.6583	-66.2446	20.0875	25.8396	36.7847	62.0845	76.9893	
Iter 31: 55.77	9.59647	68.5961	31.4651	13.2746	50.2209	60.2107	77.9589	-79.8778	58.6945	18.2166	78.6054	4.57762	-3.39788	48.0225	-43.3879	-0.593547	64.0939	11.6992	55.1573	38.2273	13.7468	-40.6188	26.6419	-66.1749	19.5817	25.6202	36.9275	62.6876	77.0861	
Iter 32: 56.2037	10.0032	68.7794	31.3976	13.1783	49.976	60.578	77.9837	-79.9195	58.6596	18.1446	77.5722	4.47586	-3.8107	48.2171	-43.6021	-0.555142	63.8374	11.9701	55.0167	38.4712	13.8975	-40.3559	26.546	-66.3557	20.2201	25.5644	36.7663	62.4909	76.8297	
Iter 33: 55.847	9.80417	68.8364	31.3754	12.7958	51.029	59.8607	77.8909	-79.3187	58.3683	18.1904	77.9825	4.18215	-3.30959	48.157	-43.4759	0.00341832	63.7713	11.722	54.9488	37.753	13.6224	-40.5093	25.903	-66.7637	20.1354	25.4996	36.9375	62.3308	77.2432	
Iter 34: 55.9006	9.50597	68.6201	31.6881	14.3932	50.5983	59.9972	77.9095	-79.841	58.1634	18.0861	78.2538	4.52408	-3.62178	48.0786	-43.387	0.0401642	64.4688	11.6184	54.7847	37.384	13.5571	-40.5828	26.4656	-66.1447	19.8263	25.5943	36.9274	62.7395	77.2944	
Iter 35: 55.4585	9.43672	68.7332	31.4481	13.0979	50.0413	60.2798	77.9893	-79.8948	58.6534	17.9879	78.5225	4.61882	-3.43025	48.2444	-43.4055	-0.564392	64.2233	10.9511	55.3942	37.5558	14.3416	-40.683	26.5008	-66.1989	20.2075	25.5821	36.8523	61.518	77.0523	
Iter 36: 55.9367	9.98726	68.7649	31.4768	13.1224	50.2066	60.3788	78.3964	-79.8624	58.3552	17.7825	78.1042	4.10946	-2.928	48.4095	-43.3673	-0.0615458	63.7285	11.8535	55.229	38.223	13.9585	-40.4627	26.4362	-66.325	20.0481	25.679	36.8193	62.5545	77.3264	
Iter 37: 55.2385	9.66288	68.6545	31.4158	12.5378	49.8902	60.511	78.0607	-79.9413	58.4963	17.9934	78.4492	4.43195	-3.10323	48.3302	-43.6296	-0.321244	63.8592	11.9666	54.8968	37.6847	13.7211	-40.5107	26.5403	-66.0025	20.0971	25.6746	36.8263	62.5435	77.1337	
Iter 38: 55.4901	9.62205	68.5604	31.4528	12.5246	49.9623	60.7102	78.0264	-79.9244	58.4297	18.0584	78.0636	4.54323	-3.68071	48.2969	-43.6174	0.535975	63.8192	12.3268	55.0397	37.6474	13.5582	-40.5209	26.6089	-66.4845	19.7493	25.8407	36.8893	62.1053	77.1417	
Iter 39: 55.4478	9.76953	68.6508	31.4589	13.479	49.6555	60.4076	78.0916	-79.9283	58.4049	17.8874	78.0084	4.33592	-3.51399	48.0808	-43.6507	-0.220764	64.0692	11.8823	55.145	37.39	13.8003	-40.4247	26.4855	-66.8156	19.9936	25.9282	36.8636	62.2428	77.1944	
Iter 40: 55.9557	9.74403	68.7082	31.5359	13.1631	49.864	60.3027	78.131	-79.8729	58.5228	18.1226	78.3336	4.70216	-3.40085	48.1082	-43.5093	-0.214725	64.1937	11.8531	55.0112	38.3503	13.9175	-40.5147	26.6103	-66.155	20.2103	25.8342	36.9208	62.8371	77.0794	
Iter 41: 55.5627	9.4657	68.883	31.6005	13.5329	49.8683	60.4873	78.2272	-79.9136	58.3468	18.1644	78.1228	4.47518	-3.36313	47.9385	-43.4743	-0.0142306	64.0022	11.8793	55.0363	37.2433	13.5477	-40.6855	26.4801	-67.0342	20.2605	25.6476	36.7967	62.0906	77.3855	
Iter 42: 56.1311	9.44664	68.6879	31.4115	13.6756	49.9291	60.2104	78.2081	-79.6798	58.5884	17.7393	77.6941	4.53041	-2.98923	48.3745	-43.4589	0.0325896	63.7002	11.6707	55.1336	38.3124	13.7048	-40.6743	26.6299	-65.0768	20.1651	25.7887	36.9686	62.2055	77.1588	
Iter 43: 56.0522	9.54108	68.7735	31.2729	13.2675	50.502	59.9915	78.1771	-79.5399	58.6638	17.7179	78.0198	4.3982	-3.67127	48.1726	-43.5052	0.341082	63.5867	12.378	55.2403	38.2311	13.9975	-40.2565	26.9732	-66.5547	20.3395	25.7938	37.1042	62.1515	76.9536	
Iter 44: 55.9176	9.98918	68.6987	31.6155	13.237	50.5439	60.6368	78.0438	-80.0882	58.455	18.0815	78.3492	4.49532	-2.72846	47.8526	-43.4577	-0.499761	63.945	12.0676	55.4758	38.0318	13.4476	-40.4036	26.3766	-66.0947	20.0952	25.8399	36.6992	62.2389	77.3484	
Iter 45: 55.6163	9.13713	68.7633	31.2709	13.6265	49.947	60.7093	78.3554	-79.8082	59.0249	18.0926	78.6791	4.51662	-3.41632	47.8657	-43.2879	-0.384003	63.5931	11.838	54.711	37.5204	13.281	-40.448	26.4101	-66.1031	19.9523	25.8358	36.7832	62.3161	77.2602	
Iter 46: 56.5031	9.92369	68.5872	31.7384	13.2117	50.534	60.6473	78.0686	-79.9205	58.2459	18.2374	77.9657	4.53147	-2.81184	48.0818	-43.6414	-0.142034	63.7077	12.2353	54.9661	38.3274	13.6713	-40.3324	26.6364	-66.805	20.1469	25.9625	36.7392	62.3967	77.3464	
Iter 47: 56.1077	9.58485	68.5978	31.5084	13.2489	50.3825	60.3802	77.9902	-79.9136	58.4251	17.9205	78.3461	4.37795	-3.44809	48.1477	-43.5862	-0.589227	63.9043	11.823	54.9795	38.2279	13.625	-40.5145	26.5283	-66.4609	19.8835	25.6162	36.8861	62.2808	77.3825	
Iter 48: 55.207	9.39095	68.7524	31.3844	13.4782	50.5852	60.5278	78.1159	-79.9102	58.5317	17.8387	77.1902	4.59415	-3.56926	48.3302	-43.5515	0.0808387	64.1858	11.7497	55.1355	38.6496	13.5959	-40.7134	26.7429	-65.383	20.1093	25.8066	36.8244	62.0545	77.0547	
Iter 49: 56.027	10.032	68.625	31.4363	13.2311	50.1289	60.4745	78.2173	-79.8825	58.5165	18.0838	77.6085	4.51424	-2.78485	48.2969	-43.6283	-0.173854	64.2159	12.0338	55.1765	38.4923	13.6702	-40.3236	26.5014	-66.6019	20.1443	25.6468	36.7848	62.2188	77.0354	
Iter 50: 56.0251	9.78325	68.8144	31.4039	13.2767	50.4911	60.0499	77.7658	-79.8636	58.6584	18.1349	78.1289	4.50444	-3.1389	48.3061	-43.566	-0.36211	63.2289	12.1483	55.0758	38.2918	14.0662	-40.4412	26.4438	-66.3549	20.0347	25.697	37.0441	62.5624	77.0348	
Iter 51: 55.9705	10.1056	68.637	31.4522	13.7096	50.2077	60.237	78.0928	-79.9256	58.4603	17.9829	78.0297	4.55759	-2.86818	48.3719	-43.8451	-0.0843791	63.7994	12.0564	55.3712	38.0137	13.4513	-40.6386	26.4005	-66.3416	20.2713	26.0452	36.9451	62.5824	77.141	
Iter 52: 56.0964	9.97307	68.8785	31.5151	13.5466	49.6963	60.5199	78.2345	-80.0092	58.4806	18.287	78.0888	4.51593	-2.82966	48.1892	-43.8854	0.00179459	63.9785	12.1625	55.122	38.1814	13.4678	-40.644	26.4891	-65.8324	20.0206	25.7628	36.8011	62.0796	77.2581	
Iter 53: 55.5961	9.55944	68.8267	31.401	12.4972	50.0187	60.4247	77.9339	-79.8958	58.5053	17.6796	77.7459	4.49028	-3.87553	48.1833	-43.5987	-0.513778	64.1568	11.63	54.7839	37.5674	13.8706	-40.5529	26.5466	-66.5394	20.2388	25.8717	36.8876	62.4626	77.0237	
Iter 54: 56.0764	9.68647	68.7706	31.4309	13.1877	50.1375	60.4345	78.1698	-79.8156	58.3533	17.8774	78.339	4.29451	-2.96218	48.1558	-43.4433	-0.314229	63.9354	12.189	55.2509	38.3279	13.9958	-40.5648	26.4847	-66.281	20.1773	25.7723	36.8472	62.6058	77.304	
Iter 55: 55.9819	9.67245	68.657	31.4874	13.1081	49.8668	60.6115	78.1033	-79.9019	58.4407	18.0217	78.182	4.3529	-3.69898	48.3249	-43.4389	-0.643336	63.8859	12.1168	54.7907	38.2982	14.0353	-40.561	26.5373	-66.261	20.2698	25.9763	36.7279	62.3982	77.2023	
Iter 56: 56.2634	9.90662	68.6807	31.4109	12.8028	49.8703	60.5503	78.181	-79.923	58.556	18.0927	77.9279	4.47975	-2.84076	48.488	-43.5353	-0.064281	63.4837	11.8796	55.3116	37.0585	13.8211	-40.4221	26.7607	-66.1324	20.2664	25.6303	36.8591	62.5251	77.0878	
Iter 57: 55.5545	10.0807	68.7722	31.4572	13.1458	50.4237	59.773	78.0918	-79.6929	58.1445	17.85	77.9231	4.19176	-3.13049	48.5512	-43.5604	-0.478409	64.0399	12.076	54.9024	37.7581	13.8632	-40.4771	26.4559	-66.4372	20.0168	25.5258	36.9198	62.2492	77.283	
Iter 58: 56.1046	9.73342	68.8603	31.2246	13.6925	50.2988	60.3072	78.0154	-79.9165	59.0873	17.7796	77.5004	4.12829	-3.17944	47.9388	-43.4775	-0.408612	64.0946	11.7476	54.966	37.917	13.7212	-40.5311	26.4796	-66.5902	20.3555	25.8685	36.9365	62.3412	77.3207	
Iter 59: 55.8316	9.53393	68.6525	31.5792	13.1458	50.0634	60.3708	77.7218	-79.8833	58.3894	17.9023	78.0947	4.40347	-3.21977	47.9908	-43.569	0.115695	63.4316	11.9997	55.1274	38.1309	13.5503	-40.5932	26.4411	-66.3632	20.0382	25.644	36.895	61.9672	77.1491	
Iter 60: 54.7112	9.80421	68.8819	31.3638	12.8738	50.5692	60.3847	78.2014	-79.6651	58.2506	17.5568	77.3355	4.23751	-3.17335	48.2183	-43.5954	-0.311005	63.5661	12.7016	55.1051	37.9959	13.2751	-40.4659	26.5229	-66.6645	20.3417	25.9315	36.8678	62.6837	77.3512	

Best Xs Fitness
700.959
700.907
700.889
700.712
700.958
700.815
700.975
700.96
700.961
700.993
700.85
700.887
700.989
701.009
700.784
700.942
701.015
700.897
700.951
701.034
700.901
701.071
700.88
700.964
700.803
701.012
700.702
700.836
700.962
700.923
700.912
700.928
700.904
701.031
700.947
700.868
700.582
700.921
700.507
700.78
700.672
700.982
701.004
700.878
700.966
700.914
700.583
700.821
700.831
700.896
700.806
700.943
700.9
700.527
700.83
700.89
701.024
700.834
700.932
700.965
