13-Dec-2018-18_03_38
 - Ran 841.081604 sec, min 1991.29


Best Xs
Iter 01: 1.70271	-18.104	-10.6007	-14.096	17.201	-40.3456	52.1633	11.8449	11.2005	-52.2975	4.25722	-29.086	-55.5437	10.8396	2.20261	52.3882	15.1182	-18.8461	-55.0692	66.4067	30.414	8.55273	-73.2144	-76.5806	93.7293	-11.668	-22.5791	43.236	-24.0516	21.2969	
Iter 02: 5.09645	-17.3937	10.4224	12.4374	54.044	-29.7113	52.6498	11.7514	33.2749	5.14806	-30.2762	29.2706	20.6823	6.98134	-31.5396	7.9763	8.41656	-24.9408	-57.3916	11.1426	-17.1648	8.19522	-75.9169	14.6719	26.0004	-4.73917	-15.7692	48.7396	-36.3464	1.85872	
Iter 03: -6.01912	13.4757	-8.64527	-16.7402	1.01168	-25.4074	52.8376	-18.7565	3.05924	18.4135	-8.44114	2.41404	-19.7222	-17.063	22.6027	-10.7023	5.67629	-20.3834	-58.3424	-8.27822	-23.7598	8.03092	-77.028	1.29392	-10.7922	-1.93096	-13.0198	51.0055	11.7956	13.2127	
Iter 04: -19.396	12.8748	16.7325	-22.4038	8.52688	-27.2197	52.7461	-18.5286	-11.4337	0.635363	-29.5615	-5.97966	2.00197	-22.3698	-13.0427	-16.568	6.84734	4.45748	-57.9354	-10.0417	-48.4104	8.08823	-76.5692	-18.2633	4.85994	-3.12949	-14.1915	50.0605	20.7296	-20.1839	
Iter 05: 7.39454	-4.50526	-18.104	-34.5051	39.1976	-37.2798	52.282	-62.7457	35.8014	35.4621	-13.0542	23.3296	-2.28023	-5.06663	-14.3577	9.20363	13.2016	-4.61882	-55.707	-27.2669	-31.5201	8.44742	-73.9738	-0.780718	70.5951	-9.6772	-20.6272	44.8285	5.73037	-8.52632	
Iter 06: 5.69231	-7.97108	21.2468	-2.06336	44.5749	-37.2832	52.3129	3.29173	16.3448	5.22509	11.1394	5.73681	-2.82175	-29.5858	-13.6876	-21.6404	13.1876	3.83958	-55.7405	-9.96942	6.70766	8.4604	-73.9845	-16.304	22.1355	-9.66122	-20.6248	44.8469	1.80938	-10.0004	
Iter 07: 2.74903	-12.3749	40.3015	-2.56953	8.55126	-35.7518	52.3635	5.35317	-2.9221	-14.1177	10.5658	-11.795	-38.3095	2.08772	10.5714	32.8576	12.2047	15.8544	-56.0553	-4.54817	2.63804	8.39598	-74.3539	-11.3805	23.2276	-8.68116	-19.6685	45.6367	3.80472	-45.4326	
Iter 08: -14.805	17.0196	41.7697	8.45269	-11.3104	-49.0727	51.7693	-18.1419	7.67442	25.1059	0.789776	14.585	-15.3249	-12.6423	-4.75262	-30.652	20.6504	-20.115	-53.1534	-28.9101	14.7552	8.86364	-70.9759	2.78712	-9.36039	-17.3392	-28.174	38.7134	35.1824	-15.0845	
Iter 09: -17.7181	-4.97727	-17.5462	-30.1395	-5.41338	-39.425	52.2159	-2.14804	-4.51488	19.4362	-7.83186	-29.1286	-17.995	-7.45194	-19.4827	-28.947	14.5313	-11.5952	-55.288	-8.12069	14.4009	8.53196	-73.445	-23.1924	7.32666	-11.0359	-22.0038	43.7162	-3.02294	-12.7227	
Iter 10: 23.5804	-4.08658	20.3483	-7.63437	3.44251	-47.3991	51.8503	17.3416	-10.0026	-2.59339	12.7517	5.3644	19.6143	-8.4066	-8.35483	22.684	19.6013	-8.17247	-53.5315	15.3516	-7.34885	8.82931	-71.3719	5.38376	9.59195	-16.2553	-27.1308	39.5522	22.0653	-12.3293	
Iter 11: 8.30351	11.5256	2.27633	20.4385	24.4909	-45.6725	51.933	-32.3839	2.80627	-3.26277	-10.7197	-11.9887	14.2951	11.2451	1.29775	-8.50787	18.5102	-5.19984	-53.8992	11.9517	-9.30409	8.7394	-71.8385	7.65597	-30.7578	-15.1425	-26.0158	40.4758	-5.96217	-2.83379	
Iter 12: -18.2393	14.8726	7.9826	3.68758	40.0501	-19.914	53.0826	-1.0416	-3.03958	3.29318	6.75074	5.12843	10.4801	18.5571	17.6226	-1.72496	2.19922	7.62987	-59.5811	28.5498	-8.13445	7.8721	-78.3601	-8.82937	27.23	1.68543	-9.45702	53.8602	35.5214	13.0851	
Iter 13: 11.6645	-9.0933	22.2395	-20.2826	9.56823	-33.5397	52.4789	-8.6197	10.5212	-5.85362	2.39357	-3.57077	2.49657	-9.57233	-7.63981	-2.43876	10.8177	2.043	-56.5495	-10.4557	27.6566	8.31346	-74.9431	-11.647	-3.23763	-7.23206	-18.2283	46.7893	0.113523	-17.3988	
Iter 14: -18.8571	30.2307	4.59283	-38.7187	-12.9882	-39.4594	52.2172	-5.80439	29.23	-16.8434	7.8385	-7.49526	-22.4511	-1.39024	-14.1554	-2.82231	14.5888	-14.4718	-55.2612	-5.5113	43.9283	8.52579	-73.4061	-3.91974	10.712	-11.0937	-22.0384	43.7054	19.8889	-31.4066	
Iter 15: -10.3944	-0.140175	29.0129	-19.9849	49.4819	-33.6356	52.4698	2.7297	-13.6776	8.08373	23.3625	-13.6472	12.4981	-17.3196	6.14055	-13.8802	10.886	-32.7312	-56.54	-3.10838	7.75845	8.32253	-74.9196	-10.4782	-0.0108188	-7.29184	-18.2968	46.7299	22.7656	-11.6732	
Iter 16: 20.5743	13.8526	19.9043	-21.6748	-0.950117	-20.2619	53.0569	-16.6518	-4.34041	-17.7573	-15.274	-32.869	18.7351	-16.9922	2.56246	18.7006	2.39092	3.25059	-59.4521	-36.3525	5.68302	7.85018	-78.3576	-12.8787	-16.2658	1.4349	-9.70961	53.684	8.00295	-12.6289	
Iter 17: -4.71258	-29.3852	-9.49162	14.5375	16.3767	-16.5754	53.2468	-14.8639	-7.84491	-28.0671	-4.85938	17.3265	6.80038	-18.9064	-24.1229	-2.4245	0.101166	-24.4021	-60.2831	-50.4993	-3.82961	7.71163	-79.2712	-34.9396	-5.86334	3.77089	-7.3749	55.5888	-0.60765	-2.82661	
Iter 18: 16.874	19.3318	1.32169	8.21746	-19.887	-26.9583	52.7555	-11.6977	17.6529	-2.94583	11.0314	-11.7886	14.0486	-13.4506	-13.1094	25.6333	6.66425	-6.89824	-58.0063	15.4153	7.39808	8.05559	-76.6283	27.3957	2.94988	-2.95469	-14.0318	50.1962	4.49394	-3.6269	
Iter 19: -34.9686	-3.17184	-1.45196	-31.0356	13.9687	-23.6371	52.9205	-3.87765	-28.6863	16.2366	4.28761	6.76416	-41.7405	37.6769	-15.4448	0.249195	4.56218	-45.5114	-58.7308	-26.062	39.29	7.97045	-77.4824	8.46618	23.7432	-0.780107	-11.8845	51.9275	13.0436	-2.34898	
Iter 20: -19.6724	-8.51961	0.92882	-1.57598	29.6826	-31.8759	52.5258	-24.86	-3.02942	4.16126	-11.2741	16.1834	-7.37433	2.96581	8.06832	-0.642812	9.7903	-10.3605	-56.9243	-3.21787	-2.03068	8.27143	-75.3588	1.74745	-4.01687	-6.17077	-17.1856	47.6335	2.47921	-5.96571	
Iter 21: 7.60128	-10.1419	26.2846	-5.04878	-3.05446	-40.6132	52.1505	-11.4082	13.442	8.26256	13.7193	5.8663	5.27322	-12.673	-10.0296	6.48888	15.3056	-9.17254	-55.0254	11.0023	50.4361	8.57065	-73.125	-33.409	11.3938	-11.8453	-22.7775	43.0985	-12.6657	-5.95176	
Iter 22: 16.7383	17.475	-3.99474	-22.3009	4.46067	-40.6123	52.1423	10.0259	5.123	-11.6318	14.0884	-0.202168	-9.95761	2.98378	2.87637	-4.30139	15.3109	3.96839	-55.0065	21.7284	19.1246	8.58495	-73.1413	-11.092	-20.7298	-11.8365	-22.773	43.1028	9.92956	-10.4907	
Iter 23: 6.27273	58.8167	46.4093	-9.66872	-5.30018	-42.9264	52.06	5.32249	-3.65961	-5.52279	1.63082	4.53893	8.89308	9.77456	-5.83475	21.6597	16.7585	1.44745	-54.5009	29.6044	25.52	8.64896	-72.5334	-23.5184	26.7273	-13.3514	-24.2513	41.9168	15.2271	-8.65562	
Iter 24: 16.8813	-26.8929	34.0063	0.824797	12.144	-39.057	52.2301	2.44084	-8.85993	-14.7958	23.0766	-20.3255	-19.8126	8.02486	-23.7859	29.6352	14.3297	5.56646	-55.3386	-27.6158	23.0611	8.51091	-73.5282	-17.0861	3.47895	-10.839	-21.7643	43.9013	-9.97699	8.87677	
Iter 25: -6.1847	10.4684	15.4703	25.1312	7.94851	-34.2955	52.4432	-15.9677	3.06378	-32.1685	14.3251	-2.41265	-27.8152	24.2155	44.6905	-31.3481	11.2782	62.0257	-56.396	-24.7364	-2.44851	8.33933	-74.7678	7.6208	32.4803	-7.72365	-18.7147	46.3848	-7.27021	1.24698	
Iter 26: -7.86181	-25.6219	-11.9562	-25.2604	-14.1036	-37.1206	52.3106	-14.5194	13.6794	7.46518	5.97164	-16.1314	-4.45487	5.04486	42.3387	-1.79532	13.0996	13.2303	-55.7759	1.85103	19.1365	8.44939	-74.0291	-17.6423	30.1651	-9.5767	-20.5383	44.9356	-17.188	-14.8973	
Iter 27: 29.507	2.97864	-9.94858	-18.1758	4.45894	-40.3381	52.1944	-10.0239	33.7503	-38.0908	-8.98757	11.4105	2.80789	12.8643	7.25288	-3.55096	15.1231	1.35542	-55.0773	40.7303	6.52794	8.54996	-73.2056	-21.5775	-10.215	-11.6621	-22.588	43.253	-9.8685	6.78134	
Iter 28: 4.32307	-10.4335	-5.7093	6.26579	27.6237	-42.5374	52.072	5.55851	-7.27363	-18.1852	23.9869	-33.123	3.1903	-18.6416	7.83551	18.274	16.5258	5.52746	-54.5839	19.0726	20.9275	8.64393	-72.6342	-0.821331	16.7632	-13.0895	-24.007	42.0931	30.2888	7.73271	
Iter 29: -7.22409	-13.5232	21.7032	1.79874	5.3584	-35.803	52.3655	9.3117	-5.07613	-18.4804	-5.66024	-14.6455	-17.7581	-2.06433	11.5796	7.45678	12.2535	-6.2903	-56.065	-16.8049	1.29804	8.39605	-74.3653	-36.0729	25.4713	-8.70008	-19.6865	45.6046	-11.9908	10.9986	
Iter 30: 11.9656	3.70577	45.4594	-0.0389136	-28.6767	-28.1994	52.7179	-2.10066	-26.1847	-33.521	16.5949	-10.2013	-0.940029	8.90163	22.8617	-20.8599	7.45521	-4.92258	-57.7112	7.16613	12.3015	8.13567	-76.3226	11.9386	-13.6558	-3.76932	-14.8071	49.5476	6.76186	5.63796	
Iter 31: -30.0777	-6.9541	-11.8205	-15.2833	18.7636	-32.0068	52.5289	13.4303	-25.1684	24.907	8.58717	27.1719	-13.0309	1.53676	27.2774	12.2404	9.8594	-24.4851	-56.9066	-0.594583	-2.1467	8.26122	-75.3299	20.2366	33.1895	-6.22978	-17.2461	47.5723	7.41221	12.7007	
Iter 32: 11.918	-7.40394	-8.42658	13.3888	-14.6977	7.96063	54.3419	-24.9585	-13.4468	-23.092	27.379	6.37853	-6.95511	-4.53085	5.72792	-7.44806	-15.4352	11.7871	-65.6588	-12.7956	17.4126	6.85469	-85.576	-14.4216	6.27595	19.7965	8.38283	68.3369	-7.7055	32.4467	
Iter 33: 11.4973	-15.481	18.8743	-22.5591	0.698053	-32.7522	52.5086	-11.4616	8.5584	1.80003	-3.77664	-4.04082	8.24457	14.3461	-16.5871	-7.86614	10.3311	-1.27948	-56.7361	4.40665	4.58732	8.29913	-75.136	-5.50796	14.8784	-6.72364	-17.7351	47.1783	14.4665	20.7743	
Iter 34: 4.91539	12.086	3.97187	3.15898	22.3839	-32.0266	52.5422	-3.93638	27.9095	33.1562	-9.65341	-10.2777	-11.1817	1.56354	5.37237	7.13517	9.86862	-11.1492	-56.8931	-5.5663	25.7535	8.26571	-75.3329	-3.55359	63.4058	-6.24645	-17.266	47.5662	21.9056	-12.8616	
Iter 35: 20.4934	-29.7416	38.9561	32.7203	6.28351	-56.908	51.4205	-2.96728	-21.8758	3.15125	7.47802	30.0488	32.5311	-11.7349	-22.1459	-3.5925	25.6287	-3.98102	-51.4261	5.18307	37.8609	9.13694	-68.9573	-17.426	23.7261	-22.4619	-33.2369	34.6397	-4.2372	15.0076	
Iter 36: -21.9504	2.22558	-0.77724	25.5197	-11.8914	-49.5262	51.7582	3.06498	-14.7349	-8.62959	1.24543	-10.1571	5.08247	-15.0892	1.99954	-23.3038	20.9418	-34.1827	-53.054	-14.3002	-1.68861	8.88199	-70.8507	-16.4519	22.9373	-17.643	-28.4891	38.4728	24.2669	-0.561674	
Iter 37: -31.0482	3.9333	10.8958	6.30268	-7.22789	-54.2957	51.5277	2.16723	-0.966099	7.49474	3.04754	13.852	29.4311	-0.187891	-11.8559	-10.2227	23.9925	-19.9538	-51.9848	5.39511	6.27046	9.06254	-69.6159	14.7555	-6.92227	-20.7774	-31.5808	35.9721	9.46776	1.81701	
Iter 38: -13.2003	11.9546	4.36247	2.39154	3.56734	-47.0232	51.8696	5.10124	-27.6871	21.6179	-4.50617	7.46497	4.74654	7.301	-5.9288	-8.15842	19.357	-2.76547	-53.6038	-7.83755	-2.26164	8.7937	-71.4912	-12.1784	17.449	-16.0129	-26.8824	39.7773	22.7373	-25.6691	
Iter 39: 10.1604	31.0699	13.9845	51.7285	22.6975	-34.1848	52.4346	21.9014	8.76625	37.9159	19.4629	-2.20133	14.9335	-23.5183	-22.3297	6.21127	11.2377	-13.2147	-56.3758	-0.00231862	-14.1932	8.33098	-74.7675	12.016	7.84576	-7.63374	-18.6708	46.4463	-32.1845	-45.5543	
Iter 40: 58.0793	3.8975	-2.56122	-22.2155	4.22048	-32.7289	52.539	18.0351	19.3195	7.29937	-16.1981	7.937	-32.6203	-3.65647	-65.9824	27.8922	10.3067	-29.1263	-56.7319	44.9986	19.9813	8.28354	-75.1571	-20.3279	-4.28901	-6.71182	-17.7308	47.2106	0.387299	6.27929	
Iter 41: -2.1568	-10.9529	17.5721	-26.082	-13.706	-51.9851	51.6389	-29.0362	14.8326	8.02783	28.7747	1.22351	-13.839	-5.19825	38.7028	-7.04448	22.5369	-0.988618	-52.5047	-44.7832	-17.6796	8.96173	-70.1926	36.9441	0.640608	-19.2512	-30.0585	37.1654	-20.4069	47.4181	
Iter 42: 28.8496	-41.4944	-12.5716	-25.7961	1.96386	-44.721	51.9602	-31.6938	-5.63812	-8.45814	33.9108	-9.7383	-18.8017	5.26183	-29.268	-10.7252	17.8979	8.75436	-54.0733	19.0046	-7.69034	8.70883	-72.0917	-4.60101	-16.6488	-14.4381	-25.3763	40.9716	-40.1325	-17.7113	
Iter 43: 7.61803	-4.83098	10.8035	-3.34919	10.5715	-7.60188	53.6311	2.80307	7.16474	-3.74031	-7.31064	17.8189	-0.240696	10.6048	26.1004	12.0644	-5.5811	-26.5526	-62.2396	-4.608	9.42637	7.40899	-81.591	-8.5834	-10.7832	9.66246	-1.59316	60.2555	-20.6224	-15.1381	
Iter 44: 12.5829	-10.333	6.0372	15.2488	-16.3381	-50.102	51.7266	-12.5606	-3.90988	0.236024	-6.81687	4.05751	-31.9021	-29.474	-9.62856	0.455074	21.3263	-8.38101	-52.9115	27.4336	10.9543	8.91362	-70.69	26.0036	-10.971	-18.0122	-28.8666	38.168	-5.13178	11.6753	
Iter 45: 21.0498	-29.1746	-4.29792	14.3801	-33.9901	-39.2539	52.2227	-22.7905	-17.3074	-2.84415	5.16863	-8.01802	37.6511	-7.39015	-15.188	2.14964	14.4108	-39.8343	-55.291	-10.1529	34.3121	8.51762	-73.5063	-31.7967	2.71776	-10.994	-21.9176	43.8233	-25.5519	-17.0197	
Iter 46: -30.0212	38.9594	22.3773	-10.0414	23.5676	11.6544	54.473	5.6461	-21.8576	6.27549	-12.8709	-18.1272	-11.9108	13.2393	-7.17766	0.760732	-17.7692	-10.3406	-66.4464	20.4844	-8.51984	6.75104	-86.5183	-24.2832	7.28292	22.2334	10.7682	70.252	-6.10266	7.91598	
Iter 47: -6.14295	5.40887	35.2385	1.56967	1.21728	2.57309	54.0871	-5.00861	21.7344	-8.09169	23.1092	28.6598	-1.82221	-11.4423	1.97677	-15.2725	-12.0551	-3.08217	-64.4857	-6.98918	-29.6554	7.05391	-84.191	-8.02515	10.4947	16.3077	4.92102	65.542	-21.8495	17.8673	
Iter 48: 17.2529	2.74796	16.3931	19.7291	6.53877	-15.7063	53.2385	-22.8986	8.97527	-21.6425	11.0956	-30.2101	5.5115	-9.45525	-9.55961	-20.0967	-0.480646	-23.5315	-60.435	-12.4432	11.8943	7.66814	-79.5116	8.63306	-37.6855	4.40064	-6.77466	56.0378	4.86922	-0.948648	
Iter 49: -4.6659	8.33171	-13.1192	4.86337	15.9951	-48.6965	51.7883	-12.3202	16.5396	-32.5946	0.600145	-0.696639	-26.249	-10.8764	-13.117	28.7562	20.4228	-3.67036	-53.2275	21.3559	-6.0954	8.86431	-71.0453	12.5406	-13.0564	-17.1058	-27.9415	38.8975	15.2458	15.8584	
Iter 50: 10.2796	-18.7843	-10.5882	-5.12023	2.55581	-28.4217	52.6976	1.94281	-20.8569	29.0262	-15.4268	-12.8076	-32.4805	-3.28201	-0.0351962	-4.01624	7.57152	-18.7547	-57.6772	-4.2638	-25.5939	8.12875	-76.269	30.7748	-18.6479	-3.884	-14.9516	49.4498	10.048	-12.1679	
Iter 51: -2.06388	-15.349	34.2631	-3.75774	-17.2924	-40.8526	52.1422	7.44768	-17.9767	-13.3295	1.05276	1.57959	8.91476	-7.79375	3.49125	20.8778	15.4488	-30.8331	-54.9391	22.2895	22.6316	8.57737	-73.0581	-28.1879	4.85489	-12.0069	-22.9404	42.9607	-26.7661	7.97137	
Iter 52: -50.9447	-16.9308	9.84578	-7.33595	24.9849	-41.0032	52.1385	12.3838	21.2536	-21.3952	-24.6479	-17.5232	-33.3625	12.9457	-10.8679	31.26	15.5482	-5.56512	-54.9171	-6.60461	2.79391	8.57545	-73.0286	-12.5908	16.4247	-12.0869	-23.0282	42.9026	-1.21082	8.10844	
Iter 53: 13.3052	14.0641	0.309344	-13.1048	10.4906	-33.318	52.4701	3.07582	-9.96532	-11.0892	12.8309	-14.6434	35.8474	17.9279	-24.2479	-27.19	10.6809	0.688013	-56.6057	9.41147	16.8989	8.29606	-75.0016	25.5627	36.6822	-7.08538	-18.0984	46.9029	-40.2562	18.6593	
Iter 54: -14.1772	-3.67915	5.3754	-28.2593	13.2021	-37.5859	52.2936	30.7793	16.0633	-3.46267	2.32796	26.5911	1.32043	6.21874	-18.2703	6.11591	13.3924	-36.6261	-55.6739	6.48915	-15.5309	8.45999	-73.9055	-1.8412	22.4168	-9.87067	-20.8307	44.6752	-12.8892	21.5618	
Iter 55: 5.09778	-13.4586	3.83805	-0.284251	-5.22009	-34.4175	52.4154	19.7164	21.9614	-17.7402	5.68103	-1.17159	18.4573	-2.72358	6.32692	20.5697	11.3789	4.96724	-56.3614	-9.35469	-4.08925	8.36103	-74.7059	15.5442	11.0908	-7.79084	-18.8063	46.3239	-28.4659	-5.93807	
Iter 56: 35.7317	16.2089	3.36385	-1.43857	38.0894	-37.7359	52.28	21.3034	-2.58517	-27.3493	23.4141	8.1903	-7.9265	12.7406	4.55744	4.53008	13.4867	16.5938	-55.6337	-2.2321	-14.7428	8.46064	-73.8655	-5.90717	47.6868	-9.96263	-20.9203	44.5956	2.4406	-1.19247	
Iter 57: 4.6196	-8.76759	10.7879	-1.84943	3.4846	-15.9276	53.2749	-20.4628	34.065	30.2032	4.72684	-11.3178	-8.88964	0.359677	-2.83393	11.5757	-0.301827	-15.0343	-60.4063	-3.12686	2.35023	7.69979	-79.464	-2.73101	17.1473	4.23327	-6.95978	55.9133	12.4421	19.3965	
Iter 58: 5.85322	-10.9301	20.191	-4.26764	-12.2263	-41.2592	52.14	-12.1088	-0.263426	32.109	8.20643	4.88951	-17.1851	-16.5758	3.87917	27.9527	15.7041	-7.913	-54.8743	0.335629	-4.81198	8.5943	-72.962	8.28391	-8.05355	-12.264	-23.1934	42.7639	-2.77625	0.00952139	
Iter 59: -24.5292	-4.41827	24.3714	20.6517	6.33163	-34.1073	52.4523	-1.29504	-1.89884	5.06444	-14.0569	6.49636	20.9844	30.9058	1.46882	6.30376	11.176	30.2669	-56.4304	-0.185629	-12.269	8.33419	-74.8076	-7.11031	-19.1938	-7.60753	-18.5916	46.4861	-1.12171	8.05661	
Iter 60: -7.51021	32.9094	-8.56806	22.593	-3.34644	-41.6172	52.1013	-26.5892	-4.40651	23.4157	-18.7549	18.7529	-10.7019	-32.621	13.4862	-4.80563	15.9422	-10.5887	-54.7915	3.04316	2.43009	8.59499	-72.8754	-18.0528	7.72227	-12.5025	-23.4385	42.5779	4.43794	-7.78964	

Best Xs Fitness
2921.53
3447.84
2232.36
2849.21
4030.33
2322.62
3828.8
3142.26
3269.22
4318.6
2504.71
13503.8
2296.7
2798.02
1991.29
4120.7
5014.74
3575.02
2319.1
3293.61
2576.25
2814.82
2489.82
2687.14
2843.25
2584.67
2898.67
2491.37
2106.8
2941.16
2547.73
6778.79
2275.19
2007.44
3774.33
2618.37
5316.74
2401.48
4943.93
3259.15
5654.98
8922.27
4187.87
3653.73
5937.39
10986.6
6721.33
7094.98
3430.73
2702.42
3060.51
2286.69
2538.57
2069.61
3055.18
2271.28
3652.3
2529.08
2319.37
2755.93
