13-Dec-2018-18_03_38
 - Ran 888.202847 sec, min 1910.53


Best Xs
Iter 01: -25.1314	-15.5693	-23.4566	-6.29263	0.572663	-5.46821	-50.4868	-4.28882	-13.0696	53.5213	14.8619	-12.424	136.342	20.584	-11.7423	4.34634	-5.7087	32.1084	-63.3189	-6.72827	70.0334	28.0287	22.2265	-10.1077	3.28229	1.18827	18.0647	-23.4886	-6.63266	-26.1617	
Iter 02: -25.1514	0.370005	-35.0934	-3.88488	-25.8325	19.3411	-40.3021	1.28296	-17.4709	53.2906	-26.6167	-9.27803	135.551	25.4258	-9.63293	-6.39157	29.0065	4.21824	-64.9799	-33.6967	73.7514	32.3996	-4.07972	-5.64071	10.3713	25.0124	16.0033	-22.3561	-15.0087	-12.6387	
Iter 03: -20.6169	14.897	-24.6628	2.25728	-1.24066	-10.5503	-48.9231	30.5535	-21.5206	55.1928	6.52371	-13.8992	109.764	50.4864	-11.2359	27.403	-0.856984	6.20741	-53.1195	-23.8286	78.5844	27.8264	7.01072	-3.0858	1.32868	8.70992	-21.1081	-28.3703	-52.3554	2.4966	
Iter 04: -18.5827	-12.1576	-21.8052	0.850142	2.95906	-13.5169	-44.2964	21.5654	-8.90191	64.7115	17.8202	-2.97825	118.604	42.6496	-5.82215	25.3478	-5.52144	-0.07248	-56.2964	13.0093	76.5947	29.0618	-5.75539	-2.2688	-12.0553	-13.3445	-12.0091	-19.0281	-14.8732	0.341528	
Iter 05: -33.0612	-23.4718	-27.5932	-5.3612	-35.9393	-24.596	-45.5807	-3.96796	-14.2817	47.0069	-7.27084	-1.62812	144.41	16.8359	-11.3553	38.7975	-43.7101	-19.0758	-67.6345	2.58528	64.2995	25.9677	14.611	-49.1955	-30.8992	46.0736	22.2295	-30.167	-34.3745	-8.72543	
Iter 06: -26.1768	-15.1791	-27.979	-4.47864	9.68848	28.7272	-47.1848	-4.09148	-16.1925	51.4319	10.2816	-30.5308	139.053	20.3612	0.0484555	20.6249	-20.8753	61.4885	-66.6493	7.69106	69.1154	23.2641	0.240031	47.8166	-10.014	-9.32156	19.4317	-27.1215	-43.2432	-14.1973	
Iter 07: -21.1092	-39.6159	-22.2489	5.75179	26.842	-10.8785	-47.6997	36.3896	-17.6837	50.0905	1.14406	20.4132	104.704	54.3867	-6.66737	20.3115	13.2519	18.4118	-50.0766	-40.1585	78.0755	24.7031	-31.7263	-17.7888	16.1475	44.0541	-22.6235	-25.2491	-4.91389	2.12016	
Iter 08: -20.2279	5.91003	-23.575	4.18281	-23.5485	-15.3412	-43.2796	35.3027	-5.26182	51.1093	-0.495239	12.3042	105.731	52.404	-8.91739	34.8914	-34.122	9.59017	-51.431	24.7505	77.9803	21.955	-47.399	-47.0504	-41.2158	-10.8633	-23.2725	-23.0858	32.4838	-0.0442247	
Iter 09: -35.6024	-63.4461	-27.7595	-4.43713	-14.6632	-8.55602	-44.3858	-3.4374	-11.4701	43.6962	8.17336	-19.1208	151.091	13.975	-5.78133	-41.7791	-11.3731	4.18293	-66.704	32.7591	59.2991	23.2705	10.3742	5.23377	37.2522	50.9678	20.9227	-30.695	3.33019	3.9606	
Iter 10: -17.7725	-0.0794219	-31.0982	0.734358	25.2639	10.1078	-44.6492	25.4231	-13.6644	60.1398	-2.43909	-2.79535	114.697	46.3449	-3.16644	-1.69039	1.04732	9.76119	-55.2294	-14.2922	77.0411	31.0834	-3.95692	-4.99073	3.56056	1.71758	-17.883	-26.2505	37.7971	-62.4312	
Iter 11: -19.0295	-18.5926	-24.5041	-3.02121	21.3333	-42.4421	-46.8017	6.58605	-16.7556	60.9637	18.6214	-5.30785	130.99	30.7293	-10.3072	23.3155	38.4583	13.8228	-61.7094	-52.2187	77.3588	40.6334	5.15689	-11.3971	2.41647	1.04445	5.83987	-25.9731	-10.1943	66.6268	
Iter 12: -22.3152	8.30958	-34.4278	11.9634	16.5753	-13.8551	-47.1563	40.293	-14.3688	44.8627	-13.557	-7.64347	98.4338	57.4705	-10.4321	-0.0737604	2.63245	-19.4714	-46.393	2.81629	78.5891	18.6073	-19.3081	-3.03507	-2.60245	-4.96954	-23.7062	-30.8057	42.181	1.7723	
Iter 13: -16.4841	29.4715	-13.1084	-1.86698	-10.935	6.05335	-44.1754	18.535	-20.4235	66.5707	-14.5943	0.0860541	121.312	42.1723	-3.87584	-2.8722	-16.5223	-21.5832	-57.1287	-34.3821	75.9258	24.314	8.53384	3.52198	-14.5725	12.6953	-13.0742	-38.6194	-30.2443	10.5139	
Iter 14: -26.4755	9.83072	-24.7181	-5.30351	-10.4072	-20.9473	-48.8838	-1.65651	-19.0862	53.2916	27.6278	-13.3181	138.336	23.6213	-8.09213	12.984	30.9784	-14.469	-64.7699	15.3287	72.5583	24.8398	12.0179	18.6586	-25.4397	-22.0584	18.751	-24.9467	-38.5005	11.895	
Iter 15: -25.2916	-4.67185	-24.642	-3.99941	1.41335	-8.56989	-53.4532	-0.981673	-12.8335	55.5918	6.79643	4.08415	136.461	22.4126	-3.94164	32.8533	1.13368	6.74584	-66.0435	2.90899	72.8332	30.3088	-27.488	0.785754	-10.4631	-2.80792	17.7202	-28.1594	-45.1238	-11.0653	
Iter 16: -17.7711	-6.02284	-24.7208	-2.71166	8.51136	-18.5383	-50.1701	5.41088	-8.15357	63.1606	11.4818	14.4632	132.377	31.4366	-4.12167	22.7972	27.4888	8.51634	-62.6062	-8.11518	77.0987	27.2781	-48.5484	-12.2223	-2.59216	9.2306	5.2785	-30.965	-9.92033	16.9936	
Iter 17: -25.8946	35.8743	-21.8555	-4.64582	8.99336	-41.9467	-47.3577	-1.07179	-9.4055	53.1281	27.2079	-24.7352	138.649	23.7153	1.08117	39.1788	35.7438	-18.9395	-65.6762	-1.47523	71.498	30.9258	35.3714	34.593	-33.9014	-20.7643	18.6989	-34.8237	18.433	38.9238	
Iter 18: -27.2015	-40.9396	-17.9129	-4.77391	56.1679	37.9715	-43.972	-3.13592	-9.21244	52.1271	32.9825	-16.434	138.673	21.7151	-6.47278	-29.9668	-25.0228	15.9003	-65.1196	36.753	72.2676	26.67	47.3349	44.3224	76.8742	31.4757	19.8431	-23.2944	29.2386	19.2594	
Iter 19: -32.0382	5.69053	-23.2783	-6.46265	1.16343	30.825	-44.045	-3.79637	-9.18071	43.9027	-55.3986	25.5579	146.542	16.6056	-4.78754	22.3864	12.4009	28.5759	-67.6611	4.39278	63.5311	31.2443	-33.855	23.8979	18.1657	43.7745	21.8265	-23.7376	3.68494	0.173537	
Iter 20: -24.001	-5.36003	-31.8652	-5.26328	-29.9705	-16.5919	-41.0948	-0.273352	-17.9817	56.575	8.4869	6.67118	136.781	23.6763	-7.24922	14.9004	19.8714	-16.4007	-65.0322	14.4648	73.2221	24.575	-7.32596	6.20549	3.61061	-5.59233	16.5664	-25.2206	-21.9928	-6.1931	
Iter 21: -18.7675	11.3413	-25.463	-1.64183	-0.93613	20.5129	-42.7626	4.82361	-20.0488	63.7623	5.5965	-3.99426	131.539	33.3071	-1.18151	2.71839	43.9026	25.9715	-60.0293	4.6124	76.5521	32.204	-8.06549	-11.477	-23.3986	16.9478	6.58004	-20.3724	36.0088	37.5043	
Iter 22: -20.9506	-0.617289	-27.6872	7.25246	-34.7843	8.75793	-35.0494	35.5414	-12.6425	51.8892	-21.8402	6.63288	104.154	53.5073	-14.1289	-27.6739	-15.7779	4.48144	-50.2317	40.7486	77.8602	27.875	-4.704	-5.28036	-12.6013	14.6034	-22.6519	-31.6954	28.5932	-4.82681	
Iter 23: -16.4519	-21.0025	-26.6864	-0.571109	11.6809	-25.4555	-42.4205	18.9435	-14.0018	65.1791	-5.36786	1.73853	121.43	42.2745	-5.55013	-27.369	-8.88732	-25.3908	-56.7442	18.2995	76.8124	26.1353	42.3666	-23.1389	7.37623	-0.392894	-11.9363	-26.9422	72.815	6.52419	
Iter 24: -28.2685	29.2432	-27.5086	-4.38522	-46.9098	29.4106	-51.1472	-2.93169	-15.3278	50.7211	23.9328	-48.0237	141.378	21.0863	-4.01927	11.8085	-25.4714	9.72369	-66.158	-38.2471	70.3046	34.5666	17.1661	17.5207	16.3001	11.405	20.0706	-29.682	35.9742	-14.2244	
Iter 25: -18.366	-22.375	-25.0226	-0.442638	7.89945	26.8491	-47.2307	24.7302	-15.0502	62.2643	15.5111	-0.0267588	116.715	44.132	1.56995	-7.76458	17.8092	23.7318	-57.6272	-6.83512	77.4875	25.2848	20.5088	-46.0101	11.4463	-14.3442	-16.2733	-24.9307	41.6903	-22.417	
Iter 26: -19.7222	-3.69985	-28.8188	5.82728	-2.17641	-2.26849	-55.9819	32.8281	-9.76658	51.0264	3.92805	-6.53505	105.07	50.4283	-7.03502	-10.2111	1.89184	7.52164	-50.2104	-10.637	77.5633	27.9385	-6.53558	-66.6932	5.92723	23.4639	-20.622	-36.7042	0.786867	8.75918	
Iter 27: -27.1302	-12.4382	-25.101	-5.74118	-22.8349	-22.973	-49.2432	-2.98831	-11.8373	52.367	21.3453	9.57255	139.63	20.9493	-4.43763	9.91524	-22.8268	-6.65825	-65.8305	3.54749	71.6951	28.0035	-4.74826	-16.7856	-23.5721	-23.6194	19.72	-26.2182	-11.8927	12.0828	
Iter 28: -22.1993	-22.1434	-19.947	-3.8452	-3.62634	-18.2885	-45.2707	0.327127	-15.0601	57.9318	-29.1977	1.63899	136.818	26.1885	-2.91035	-1.22581	-18.5029	-1.846	-63.6323	10.178	74.7853	33.6976	-21.1441	-17.7419	25.5722	-2.75021	15.4852	-22.1297	-0.414805	7.82642	
Iter 29: -19.212	9.14364	-22.8572	-1.9918	-25.8628	-16.4812	-42.053	2.60646	-12.6511	60.8146	-1.46791	4.32094	133.505	28.4183	-4.75825	-19.2839	2.87762	18.7294	-62.0499	21.0571	76.6745	31.4971	-32.4695	-37.0024	-16.2086	7.76674	12.3453	-29.0488	56.2144	-0.426382	
Iter 30: -17.0993	-19.3751	-19.3298	-3.09425	-31.3972	-13.051	-47.9313	7.03291	-15.1788	64.793	-18.1514	-18.7105	130.377	32.1624	-3.63379	-4.84327	40.2581	-1.23144	-60.949	1.3187	76.6545	24.9275	-0.687957	1.97934	-38.8365	-0.326794	3.54602	-25.3165	-21.6506	7.2162	
Iter 31: -30.7639	2.77561	-31.6672	-5.41448	2.50624	-1.51394	-50.7572	-4.01819	-13.6956	47.3941	1.92095	-3.0828	144.91	17.6974	-4.28513	-0.0923042	1.90854	4.62848	-67.0686	32.0591	65.8264	24.0723	-38.9708	-25.2779	42.7486	-22.0264	21.7242	-25.2428	-5.8901	-16.8033	
Iter 32: -17.756	20.2551	-24.6618	-0.12913	30.3913	88.7678	-48.07	16.7845	-12.6943	66.2438	32.1064	18.5759	122.627	39.6683	-6.02992	13.4779	-27.1622	0.570851	-58.7568	-10.6108	76.3503	32.4901	-1.32659	8.93722	1.02175	-76.0333	-8.82903	-25.9454	-6.73338	78.8409	
Iter 33: -27.952	-34.9803	-23.9994	-6.75878	10.9437	-42.1663	-52.1009	-3.86763	-4.21203	50.3251	11.385	-7.43141	141.436	20.0441	-4.6044	4.47437	-28.4976	0.772986	-66.585	4.31921	67.123	26.9959	-10.0127	-14.2504	6.65004	-7.85675	20.2248	-32.6168	35.1959	-14.4488	
Iter 34: -37.0403	44.5034	-27.5288	40.2	28.3326	-2.69394	-50.0571	51.3063	-14.4196	44.8344	17.838	-21.9679	85.5557	58.3896	-2.3692	51.6104	-2.87418	-44.5013	-40.0025	6.3426	75.0225	28.1636	-11.7101	32.542	6.07598	-18.5496	-7.21311	-30.6291	-67.1762	2.49313	
Iter 35: -19.7789	-15.3682	-21.0102	-2.37869	15.5779	-14.6692	-46.4604	5.3791	-17.5481	62.2615	-21.1249	-12.0677	131.672	29.4146	0.518711	-33.7316	7.97176	-16.6633	-61.8373	-24.9688	77.3843	27.3966	-11.3677	-2.86198	20.2983	11.623	8.34906	-20.5365	26.1657	4.07162	
Iter 36: -16.8038	-3.22585	-24.6003	-0.284931	-19.4295	-12.0941	-51.1503	13.2952	-18.9306	65.4693	28.5638	10.2761	125.039	35.9612	-10.2339	52.1483	4.95732	-44.4896	-58.9988	-9.19144	76.8979	33.8009	60.0849	-19.6256	24.0731	-28.5815	-3.54579	-30.8824	-31.0783	-23.4984	
Iter 37: -19.7996	19.5437	-35.5443	4.31219	-3.64791	-54.6497	-46.8549	34.6808	-15.7048	51.9189	8.60405	-4.58977	104.719	52.8346	-5.2971	7.5202	10.4417	26.6966	-50.7817	-7.61781	78.229	24.0113	-5.72472	-15.9724	-88.332	-1.72412	-24.6632	-30.2246	-28.8457	2.23039	
Iter 38: -16.1443	35.8278	-19.0598	1.24949	-12.0419	-13.5136	-51.6941	14.8171	-13.7494	65.9141	-11.0653	-2.98191	123.017	38.9642	1.95374	-1.40359	48.8181	24.6836	-57.0809	4.4537	76.2758	28.4507	-82.4156	-18.7156	48.8495	16.8719	-7.08635	-34.9096	-43.9014	-27.1165	
Iter 39: -20.9715	-98.1845	-23.9046	-3.82612	13.4051	14.626	-44.2082	2.10374	-17.2472	59.1981	43.1887	32.2645	135.153	27.6036	-10.0343	-20.9107	19.6435	-13.0632	-63.8972	-75.2824	75.2351	30.5131	21.3752	-34.4404	17.108	-3.24357	12.9615	-27.5014	79.4696	-40.2582	
Iter 40: -19.7019	-12.641	-19.7046	2.48925	6.72979	2.68248	-48.7211	35.4124	-14.0148	52.0879	-16.2194	2.61641	105.802	50.4925	-7.27069	-1.7828	24.4924	22.4307	-50.7933	-21.9176	77.2545	30.077	4.81663	-92.7826	81.4227	44.2016	-22.7275	-37.34	-11.2009	59.6709	
Iter 41: -21.3083	12.6445	-31.2721	-0.187771	-15.1438	-62.9172	-46.2444	6.87672	-16.0223	63.0745	3.0412	5.043	132.192	31.9165	-6.09079	2.28802	30.8625	39.6564	-62.3323	32.4931	76.0714	30.5742	-30.4688	9.94111	20.8786	-2.63353	7.75184	-26.577	38.9278	-14.4623	
Iter 42: -19.6213	-12.1244	-30.3468	3.05039	-46.201	21.0931	-46.1114	33.8776	-18.8876	51.5138	-11.7215	-52.2991	106.778	51.6108	-1.82774	29.8315	10.4415	-17.5625	-51.7009	-8.79918	78.2423	31.1853	0.658411	10.0082	16.9995	-36.4555	-23.0874	-20.7322	-18.7314	-7.28597	
Iter 43: -28.1242	-9.86801	-27.4955	-5.92872	12.5015	-23.8545	-46.4983	-2.76541	-16.641	49.3864	23.2582	-28.8528	138.548	19.9283	-9.39542	25.524	92.8106	-35.2644	-65.1895	31.4664	67.7447	24.2093	-23.3328	37.3372	24.6374	2.8764	19.5437	-29.5937	-23.9885	-32.8459	
Iter 44: -25.8298	9.97296	-25.3963	-3.78701	10.9651	46.9256	-42.4997	-1.02309	-10.4886	55.2251	-2.48481	26.5231	136.75	23.7787	-5.62183	8.26367	22.4429	-2.64264	-63.4682	-29.0286	74.2108	28.7435	-30.2149	-11.2551	-0.604869	-1.95999	17.3592	-21.9832	42.1892	14.9361	
Iter 45: -21.4447	-7.87238	-20.9596	5.64637	-10.0878	6.5184	-42.3135	32.2612	-20.6178	55.2821	-21.092	13.8106	109.738	51.1305	-2.78887	-4.78417	-90.0965	-11.1444	-52.937	-6.78852	77.6666	29.9804	-6.77282	-24.0316	-10.0747	-5.56047	-18.7501	-30.2833	-54.1915	82.9184	
Iter 46: -26.7231	15.6321	-23.8084	-4.92119	-2.73461	13.574	-51.2022	-2.32691	-10.213	52.3621	-13.7069	7.49775	140.042	21.0207	0.143718	-22.2395	3.01003	17.595	-65.7577	-6.98884	70.7995	30.0668	-49.0362	-49.9035	37.8016	6.90144	19.1608	-25.8311	7.84526	-10.6926	
Iter 47: -24.652	-16.8498	-22.3313	-2.92177	-7.42224	-3.44313	-51.2696	-1.60569	-13.4854	56.2883	-11.2372	4.32933	137.416	24.3132	-5.09144	-5.83068	4.90074	-11.1842	-64.4549	38.5059	73.5187	32.0729	-43.9626	-14.1305	-8.94097	-6.65779	17.1043	-31.9671	51.3315	9.82633	
Iter 48: -29.05	10.4923	-22.594	-5.30179	19.4427	-43.6609	-51.6317	-3.43721	-20.5846	48.1861	13.173	-17.3149	142.63	20.1094	-12.5721	-33.1045	-2.89807	19.7072	-67.3452	8.7818	66.7839	30.5212	57.7255	-11.9581	74.9819	30.4054	22.0672	-28.0579	37.6097	13.8489	
Iter 49: -30.4218	-0.57917	-27.5505	-6.13465	16.0944	-31.7008	-48.8231	-3.48654	-12.3883	48.2872	16.1834	22.4157	142.634	18.8759	-5.393	-5.49139	-31.75	9.67405	-67.5328	0.132672	66.4963	34.5506	-28.4631	13.249	13.379	-20.7324	22.6625	-25.1762	67.6729	13.7457	
Iter 50: -21.153	-6.43191	-29.0982	-2.54816	-1.50023	-22.4583	-50.6916	4.00277	-15.5447	60.9852	5.32339	-0.493701	133.156	28.5911	-3.1213	28.34	-22.5276	-28.7489	-62.0082	-43.8809	75.7835	26.9063	-2.49239	0.910611	30.7558	23.1549	10.451	-26.5008	-63.8682	-25.0483	
Iter 51: -24.1692	9.07266	-33.5157	-3.92615	24.5891	20.1323	-40.2025	-0.522505	-10.0067	56.4825	45.3654	30.9785	136.342	24.6204	-6.45041	27.5904	-15.3882	-4.77718	-64.513	-20.8444	73.9844	32.9238	25.9886	9.58122	-4.8506	10.4915	16.5254	-27.8778	-27.1637	-20.6982	
Iter 52: -19.0429	6.70404	-21.6011	1.80018	-8.40784	-0.192898	-40.8472	28.7899	-7.50437	58.5363	-1.91059	9.04472	111.435	48.2013	-10.2135	17.528	-18.2746	-0.555953	-55.0484	9.48403	77.7101	32.6929	-18.7047	-16.4666	-27.9592	22.7761	-19.5164	-28.5307	14.5224	-18.5284	
Iter 53: -19.3943	-34.4629	-27.8024	6.40657	-18.9946	11.2406	-50.6271	35.1997	-8.50513	49.1238	-75.8135	26.3387	102.868	53.506	-0.681681	-47.0576	11.0877	9.89278	-48.7631	34.6671	77.415	29.7026	-52.7304	-5.24712	7.37336	-17.2182	-23.8108	-24.3829	-9.34114	4.77794	
Iter 54: -21.2236	6.73945	-22.7884	-3.19596	-15.1729	-12.123	-46.4493	1.47689	-17.9466	58.4267	-25.1839	1.61158	135.563	27.6381	-9.03267	0.57856	12.186	-38.0773	-62.97	26.8609	77.2968	23.5118	-1.95549	-1.31784	6.47852	-12.8138	12.9053	-25.302	-62.1916	-25.4642	
Iter 55: -20.9401	-33.8356	-23.8461	-3.53026	-23.0727	-9.05849	-48.7668	2.86577	-20.0259	60.4068	7.36126	-42.9392	134.739	28.5711	-8.11672	11.6394	-9.22198	25.9787	-63.1137	-7.54763	76.0484	28.5354	-14.8671	55.4209	-13.5473	-19.5958	11.0076	-26.5584	18.8861	-14.778	
Iter 56: -29.7283	17.5829	-31.8401	-6.72879	31.5969	-6.01867	-46.4736	-3.25657	-14.7306	48.9126	-2.95	-49.9792	141.668	18.8622	-6.49142	53.5804	-5.80481	-13.6481	-66.1964	2.38203	65.4745	23.6738	-2.86069	17.6703	-3.08606	3.69193	20.9043	-22.6787	-41.3613	-0.0585443	
Iter 57: -19.4733	3.45635	-18.5944	1.32295	-39.9924	22.675	-48.3463	28.3652	-15.8306	59.3189	-8.6484	-0.742429	112.195	47.2256	-4.99485	-18.2245	-23.2539	-5.42154	-53.8953	-28.9463	76.8535	27.9109	-19.7965	-8.41157	25.7121	16.0264	-18.4377	-30.9585	62.6649	-17.1478	
Iter 58: -21.1911	25.8889	-22.1681	6.06635	-58.7843	-67.0436	-37.3566	35.0202	-21.8543	52.6132	-33.8124	60.6194	106.128	52.6884	-1.1911	10.1009	39.1607	-23.2253	-51.7919	51.5613	78.4414	25.3071	-68.601	-43.9096	-3.71291	5.63254	-22.2126	-29.1104	-11.9795	54.4452	
Iter 59: -16.8634	34.5717	-27.0384	-1.67318	57.0599	-25.8521	-47.7972	7.1852	-14.057	64.8396	44.5795	-14.3094	129.945	33.4181	-13.6851	-14.3087	-45.3551	12.4513	-60.2754	-8.80041	76.7928	31.5733	97.9675	-69.3476	-17.6469	20.5875	2.46398	-29.077	1.81953	-21.1108	
Iter 60: -20.0338	15.2554	-26.0277	-1.80923	-35.2268	11.7331	-45.7505	3.81435	-18.1067	61.2542	1.9594	-9.63883	134.635	28.3422	-5.89747	-18.4759	-21.2906	15.0398	-63.426	-34.3309	76.9239	19.8455	4.57738	-8.05148	-29.599	51.005	11.2854	-27.853	-71.5458	37.9864	

Best Xs Fitness
1922.37
1922.3
1915.46
1918.34
1920.27
1918.23
1915.26
1916.88
1922.65
1916.33
1918.33
1916.53
1920.49
1920.08
1917.07
1918.58
1920.29
1920.37
1922.3
1920.4
1918.73
1918.12
1917.21
1917.69
1916.52
1920.18
1920.25
1920.27
1918.98
1920.21
1920.1
1919.04
1919.61
1910.53
1920.37
1916.78
1917.09
1917.71
1918.66
1918.46
1919.17
1917.67
1918.68
1920.69
1916.73
1919.97
1916.93
1920.06
1918.09
1915.91
1919.94
1917.49
1915.88
1920.26
1918.82
1920.84
1917.85
1916.45
1917.52
1920.64
