13-Dec-2018-18_03_38
 - Ran 805.176533 sec, min 2473.25


Best Xs
Iter 01: -32.0777	-19.6261	-16.9228	8.4024	30.0379	5.65331	68.8179	-6.78721	4.04666	-30.7721	5.44763	1.08077	13.7968	18.7621	10.847	-5.12146	-54.9801	-21.9832	-6.35151	41.516	14.4121	-22.2491	21.3368	16.5374	-15.7747	-9.03223	-58.2525	31.7908	15.8173	-66.326	
Iter 02: 34.159	-1.69634	17.0183	27.3844	14.6461	26.0673	74.4201	27.7263	-37.396	-24.1513	-2.75983	19.4674	8.20648	13.9392	15.1507	16.0167	-63.3839	-17.0457	-22.5674	-26.8574	-16.982	11.3785	51.9981	9.13386	2.21242	6.64498	-65.656	7.19701	23.1844	-68.9332	
Iter 03: 32.6581	2.29599	-29.1631	35.1627	5.54418	-17.9357	51.6711	43.5341	-34.8827	-44.8151	-7.38517	11.0986	-5.58147	-28.414	2.3146	-14.4511	-61.8987	16.3491	-13.0954	14.5825	-25.7549	-24.8622	-64.4522	-6.74689	17.9157	-36.6907	-71.4094	24.5584	2.83316	-58.7388	
Iter 04: 27.1025	39.0991	30.2534	37.3177	17.2352	-2.3366	78.0301	35.1058	-56.8512	-2.06507	1.18559	70.6035	20.3081	9.64588	-36.3781	-14.5735	-66.3895	-28.149	-29.5407	3.10542	-44.5167	66.3011	-8.10235	-1.12426	-15.8327	29.1124	-43.5269	14.7964	31.5663	-70.2918	
Iter 05: 20.4315	-8.02126	7.30607	-28.2697	35.6673	-27.8837	75.435	-4.20635	11.2112	18.7419	-1.88858	7.05587	-21.359	0.978304	28.3879	-19.1723	-53.6338	-5.13582	21.6241	5.59397	34.9458	19.9326	62.8335	-5.27089	57.5616	-38.6523	-62.9349	-4.08959	35.1089	-69.2732	
Iter 06: 29.5457	-3.61796	-5.37782	-36.6576	26.9885	20.4046	68.872	37.4233	-52.1535	-28.8018	4.15774	-46.3068	-5.74145	-7.73084	33.7367	37.5	-66.0715	7.49785	-42.0157	61.9102	14.8054	56.4693	24.7732	41.7193	33.6247	-6.99654	-54.1566	-7.75059	35.7956	-61.2798	
Iter 07: 23.629	27.9149	-19.1892	1.20804	12.8689	44.4254	70.6873	55.0683	-30.5215	9.39525	-10.2329	49.9423	5.15428	-33.7417	34.8088	9.69791	-72.5435	-0.220767	-28.2529	14.326	13.32	-36.8292	-52.78	7.33352	33.6156	-13.8574	-57.7043	49.3455	24.0267	-54.0727	
Iter 08: 22.5964	-31.1125	0.0714194	-2.431	11.7432	3.92662	82.2625	28.7199	-37.1791	-13.2879	-25.4536	25.6557	16.3467	-0.935078	9.93531	-18.7375	-47.3085	-1.86926	-33.3279	7.86806	7.89392	12.8389	0.396985	-6.90968	8.32158	9.53796	-70.5167	-17.9521	17.235	-48.1764	
Iter 09: 50.4805	-15.0279	-10.4182	-69.9129	17.9756	16.7214	77.6481	32.8197	7.45534	-45.0688	-4.04926	-30.4907	45.1475	-14.5974	3.30227	1.90108	-65.842	60.8425	2.77177	70.3305	33.8374	-22.3401	20.5461	4.87651	-15.4128	-2.49162	-41.9868	19.1285	32.4051	-66.3517	
Iter 10: 25.1828	-12.7194	65.4806	-24.9004	30.7777	10.7558	84.1087	13.8759	-10.619	48.3565	-2.16614	6.08576	-11.9282	-28.963	35.7019	5.02163	-52.5335	8.94267	37.4191	67.8916	-53.398	63.8251	8.12329	-1.36687	-14.9415	7.37347	-58.3487	-9.38085	17.5242	-68.4234	
Iter 11: 8.14314	-9.81183	-16.1526	-27.2921	39.7044	-4.66496	64.1667	-3.31179	-18.551	20.6358	-3.51937	20.6551	0.0762184	-9.57338	-5.84671	-19.0495	-47.0053	0.97469	-3.59455	60.5149	-20.3368	-51.9498	37.3472	-24.3637	-3.64433	-2.40635	-61.5117	-12.75	25.7781	-49.1725	
Iter 12: -26.9854	-11.9829	-3.43	14.282	32.2553	32.9569	80.4328	-2.69061	-18.6951	-13.5315	-18.4411	-3.48062	20.9237	0.945361	19.9602	31.166	-68.7578	33.7288	-8.15879	18.3207	-24.2268	49.4107	28.0433	2.55099	-29.4115	29.2359	-53.9127	-32.7673	23.9771	-60.1598	
Iter 13: -32.1909	-15.411	-16.8099	9.31823	15.614	-25.4204	90.8217	-49.8732	4.08269	-0.744644	-1.59267	0.834965	13.6903	12.5062	3.9542	28.5745	-50.057	-8.94496	1.67655	5.87337	14.4056	-30.7042	3.24575	50.1151	-15.5679	-16.8489	-60.6037	14.2481	16.4399	-55.2384	
Iter 14: 70.5593	2.81694	-1.14912	14.0358	30.9258	4.65482	88.3456	28.835	20.7585	52.2772	-25.7083	-24.1699	39.9348	-42.6842	17.1993	-30.9935	-42.6801	6.38672	-27.7109	30.7128	15.5479	34.0596	-25.3306	-12.8298	-8.31777	-2.21113	-58.6652	9.74926	21.4241	-70.8087	
Iter 15: 21.9318	16.4094	-12.6708	-20.6003	32.4573	18.2591	73.8339	15.9147	18.949	-14.0355	8.74536	-13.3633	-13.2007	-22.75	25.6911	18.5549	-57.641	18.5362	-9.6747	46.386	38.8031	32.5775	70.9187	37.3793	-12.1383	55.8285	-56.574	-32.2553	25.7022	-57.5024	
Iter 16: -21.9656	24.8003	-20.2594	7.39195	21.6586	-5.82738	72.3781	15.5223	-17.8818	-21.7339	-68.1483	-20.37	16.0771	-36.6138	20.8872	12.1146	-51.13	60.4965	-30.4302	67.8172	-6.335	81.4452	10.9981	-7.83219	-1.36141	-7.89883	-60.8541	80.4469	14.3472	-68.841	
Iter 17: -13.1112	-28.5197	8.74798	2.57737	24.6758	29.4443	74.064	32.9301	11.181	51.1238	-8.76151	26.6388	-0.312447	-8.27742	24.4281	-12.1084	-61.2471	-4.01208	-33.9968	45.6442	45.2685	-21.4617	33.1143	-3.13354	48.4475	7.22848	-53.9055	27.224	27.6131	-78.1371	
Iter 18: 8.96047	-9.36185	-16.4459	-18.7798	13.9571	1.54824	75.7136	-3.26799	23.5495	-42.2519	2.20772	-2.0186	31.043	-21.3413	34.1022	28.0785	-55.1347	11.2689	-14.607	44.3836	-15.4943	-9.45262	-28.5882	13.9517	-0.711692	14.8613	-60.6626	14.8572	11.6869	-64.9854	
Iter 19: 13.5812	12.0504	-20.8043	13.188	22.9891	20.4422	74.6601	-19.1165	-28.1708	2.50417	-5.14351	12.8163	-3.48466	8.56526	23.1688	8.72188	-58.3411	-8.2054	21.9917	30.6193	-28.9974	-4.65376	11.1321	-3.34866	21.5968	-19.409	-57.6042	5.25964	26.8521	-57.8599	
Iter 20: -1.50214	-44.1378	9.03507	18.8146	53.0319	22.3405	79.8504	-19.8837	-70.0355	66.6455	17.4121	-33.7767	-6.49991	-47.4478	25.1477	-18.5694	-46.982	-27.8052	10.5322	-24.1992	11.9475	69.6022	23.7453	-25.8034	-10.3337	-27.7731	-62.2369	-38.7368	20.2805	-64.6823	
Iter 21: -28.6025	7.06471	-30.9333	-26.1863	26.5044	4.22897	68.3232	44.7767	18.4766	-13.7554	-4.06812	13.2902	-6.97646	10.5835	-24.7523	-12.8574	-52.7083	7.64198	45.9488	58.6589	33.7627	50.1435	5.65329	24.7661	45.9371	-23.5559	-64.2036	26.3471	22.2691	-60.2512	
Iter 22: 15.6805	25.7508	-7.30851	-1.93691	33.9143	9.23315	75.5455	48.8588	-42.1277	0.0727584	-30.8086	-2.00878	8.9086	28.4352	-46.8091	28.5516	-62.178	68.3378	-11.6687	68.6222	7.72673	63.7674	-28.4725	-33.2293	72.623	41.2773	-52.5884	-18.7253	22.4342	-62.4282	
Iter 23: -4.35655	-19.8104	5.05763	-10.0983	19.3794	8.22545	75.3528	-1.37833	16.3433	2.94746	-9.85897	-14.1217	-16.0812	-2.62825	24.2272	11.2272	-53.9895	1.642	-12.9803	31.1481	-15.7584	-31.0303	-26.9047	9.67176	-8.67464	13.3765	-52.0094	4.3097	26.0055	-61.5458	
Iter 24: 35.4895	-67.7499	-4.55418	-21.7047	22.7066	31.7203	81.6899	-11.4898	-27.5318	-2.52047	-26.6923	12.0728	54.7505	-25.2996	4.17831	25.9034	-60.4437	15.8397	-35.4516	19.9027	-8.11603	17.162	12.4045	-35.6298	27.7532	19.1847	-62.1131	12.3229	27.2008	-54.3582	
Iter 25: -24.7308	16.8658	-34.013	-36.495	33.8178	-12.632	76.2461	49.3803	25.8065	7.41999	3.97939	27.8748	-27.9696	-40.3568	39.9302	-15.0576	-66.8304	-6.95016	3.9723	21.3549	-29.5981	-3.27717	0.306197	-18.133	12.95	-4.60268	-47.7182	51.7054	26.4611	-74.2001	
Iter 26: -32.4086	4.18523	-2.77033	10.3029	26.0139	-16.6524	78.0025	-25.6444	-9.63108	23.5843	1.87586	-39.6717	-39.0803	-0.0195793	32.2026	-21.1513	-50.9351	-46.0037	-3.80797	34.9671	12.5324	-18.3155	-5.91154	-0.500872	-5.9517	-4.6564	-60.6626	-25.7803	20.5446	-54.0797	
Iter 27: 20.6562	-23.8319	32.6832	38.5409	23.1679	39.8255	78.2424	-16.5151	19.7251	12.8392	-17.6918	-41.5912	-25.6334	25.768	5.65737	-11.7707	-74.2701	1.03748	-17.9238	34.6554	12.6559	21.7499	-39.7254	-2.90914	33.0275	-24.3809	-43.7269	1.56314	31.8849	-72.1468	
Iter 28: -13.1367	13.4198	-12.4358	15.3861	24.413	-5.89187	82.1401	-4.19809	16.0288	14.1053	31.4817	1.56959	-9.97012	1.85083	13.8985	4.56848	-63.6905	-15.0388	-2.181	25.429	8.75053	18.9177	-24.4573	-11.1652	9.04485	15.7211	-66.9139	1.67068	6.68542	-51.7697	
Iter 29: 8.08153	-12.412	-15.9398	10.301	17.7452	-13.5049	59.509	8.72267	-18.5492	-10.7785	6.001	-27.0136	0.0674061	-15.3528	1.88969	-18.7772	-61.718	-25.5235	-29.5561	47.7051	-20.3515	-8.96036	-57.674	28.6713	-3.60708	14.0552	-59.0532	49.4506	26.4916	-63.7305	
Iter 30: 17.0953	31.0726	-5.75073	-1.04003	34.7084	6.58113	64.5892	-14.9109	43.3528	-30.2839	1.38809	7.63947	9.58023	9.42155	-2.72827	34.2671	-65.0843	-7.18879	9.344	8.674	-18.443	33.6337	-28.1254	-10.7858	14.7855	47.0231	-52.1418	43.0154	31.1074	-51.9973	
Iter 31: -31.5104	19.8293	-16.2902	29.4453	22.2274	-13.5746	78.6761	11.6888	-7.21081	18.6535	-9.96087	7.49937	15.4641	3.93467	-7.18138	-3.39198	-60.0848	-20.9064	1.45287	40.4809	0.750778	-7.9473	5.65052	12.5832	-4.20481	-5.40525	-61.516	0.787193	8.25748	-56.8979	
Iter 32: -8.69966	-53.0655	-9.30488	30.6959	25.6865	16.5789	78.0905	-9.07276	0.031101	-4.43722	9.42511	4.97158	-1.03778	-30.9631	-2.81027	48.1389	-45.2366	-41.6372	14.6024	73.3334	-8.05683	4.01862	8.55844	34.6025	-8.41927	12.2795	-59.3158	-39.5731	12.6347	-63.4479	
Iter 33: -43.4117	-52.5017	-11.3905	-2.28672	13	14.2421	73.5071	3.27009	34.8572	54.9194	49.5747	28.8994	-5.33914	-9.42321	20.8765	15.2386	-56.0777	55.4429	24.0512	32.1675	9.16181	-44.9802	-24.7012	14.2452	-17.9937	-45.6777	-63.6229	69.1085	21.0534	-64.9728	
Iter 34: 7.35172	-28.8294	-30.4218	-22.0976	31.4039	-24.4707	67.1571	45.4284	-43.922	30.068	3.77994	22.624	-39.0901	31.4571	9.26321	3.14869	-68.4547	4.20948	12.2089	30.6222	30.5304	-21.4931	-31.8459	10.6261	50.9673	13.2817	-60.6309	-20.9779	9.99852	-62.2382	
Iter 35: -22.3792	26.4902	-26.3166	-2.91309	21.3291	44.1881	74.7552	-25.7457	-13.4027	17.691	-33.3292	11.9115	19.5996	-52.4147	6.50834	-50.4359	-70.4621	-41.8414	49.2387	26.231	9.23767	-94.4695	-29.5799	87.7789	-13.2649	11.7708	-71.7753	40.6434	25.6784	-64.8869	
Iter 36: 23.0472	-2.79293	-7.43697	-46.0623	22.6482	-17.7139	69.25	-76.8947	39.4889	63.7762	-12.9806	-18.097	21.4568	-2.11565	-5.12352	29.3782	-66.8916	17.1682	-11.7488	48.0365	-34.4323	11.9294	-42.4475	44.3583	28.4272	24.0889	-47.4352	-5.57268	38.0217	-55.4312	
Iter 37: -46.5556	1.58431	6.94236	0.354362	33.4071	25.5478	73.3162	-29.7049	31.0838	14.1583	14.11	-17.4535	-1.90272	-6.10041	11.3773	-26.9478	-57.293	-30.7627	-48.899	51.5138	6.17876	-5.0646	21.3534	-26.3171	-7.96002	1.28281	-50.0784	-32.1578	35.7995	-60.8232	
Iter 38: 20.7539	-25.8104	-18.3479	3.38522	6.84418	14.2665	90.8196	12.5819	-16.7198	-16.6928	-14.5516	-0.857477	21.2435	35.326	37.7967	37.072	-44.1191	-20.8652	2.94481	-23.9347	-38.569	-26.9947	4.62798	4.3485	13.8788	-15.2922	-65.4943	11.562	14.6112	-43.969	
Iter 39: 1.36001	-12.9705	6.74155	-37.4527	30.2811	-3.1435	79.3321	-6.56186	-65.5455	-14.3383	-26.8952	17.8622	-9.71066	-36.4502	27.9644	-32.3365	-62.8876	35.6162	-34.9056	10.2691	18.0757	-56.3975	-48.6971	8.15001	1.27315	7.70811	-53.2894	-10.2236	27.5898	-52.3453	
Iter 40: -19.9354	10.8218	14.3613	12.8002	27.9101	-3.09494	61.7197	-39.3628	5.76379	-11.6959	-11.536	-14.9106	2.17739	-30.9091	-2.1976	10.5073	-45.4081	-55.7892	17.5499	30.4287	-4.09214	32.058	-17.5401	-8.32367	-1.37576	18.8661	-54.5339	-0.589016	23.4181	-67.6549	
Iter 41: -2.26823	36.5312	32.1938	-23.9917	27.4897	13.3144	65.9512	10.6036	5.69387	-28.469	15.736	5.3757	4.17554	-10.8967	-18.7356	5.44521	-44.3388	10.2703	-50.3826	6.71736	12.018	6.73807	-6.99523	-33.9549	-6.68482	22.9428	-68.1815	-0.621253	24.4693	-52.6112	
Iter 42: -4.32195	-19.2426	6.1263	46.6238	26.6664	20.6937	72.5669	-54.0912	19.69	-3.51804	-26.2	-24.7431	-18.0743	-53.9113	22.6856	-27.863	-59.7179	13.8336	-6.27818	64.5965	25.2563	-21.7204	-10.5929	-9.28156	52.1941	10.6583	-55.1636	34.55	16.8342	-66.2354	
Iter 43: 0.775474	-2.63946	-34.9297	-20.6663	19.897	38.3546	56.8716	-15.2909	-48.6067	19.8639	-23.3788	-4.5079	22.0544	19.2275	-3.63827	11.5068	-55.024	5.80572	2.03919	1.67371	-20.4283	-2.50343	19.4869	-19.045	5.23353	6.49259	-60.6371	-24.627	22.9121	-68.139	
Iter 44: 50.1433	14.0906	9.73747	1.73934	13.9724	27.9272	74.8119	-3.11419	9.04744	-11.3709	-34.0913	36.308	43.6569	13.0099	28.3578	24.8843	-55.5149	-4.79853	-1.05568	-23.2368	-12.1258	-2.70566	-50.8361	-22.1275	22.2555	-25.3459	-67.2003	15.4602	13.3886	-62.5112	
Iter 45: 3.94877	1.48542	-1.95121	-21.4207	37.5291	4.68563	70.7784	-41.8362	-29.1815	-21.6112	-3.79894	3.33718	19.752	-1.68442	20.7579	24.5316	-39.1935	11.8875	-0.987433	41.0822	3.04383	-14.7314	-15.3525	-20.6963	-6.4339	3.37759	-59.4573	11.2298	17.6803	-64.0058	
Iter 46: 33.0342	-6.55888	31.0609	25.4737	34.4569	-1.14053	60.2158	-19.6326	-22.4204	-35.9726	-12.6559	-8.85995	28.2926	2.0875	44.7018	47.7469	-61.5725	-28.0288	-53.8536	42.5191	52.3421	-47.0861	44.1088	5.33501	-36.9274	30.4617	-49.8309	5.85573	39.5761	-62.3479	
Iter 47: -7.86377	-2.00679	33.9179	24.4945	25.6215	20.7579	71.3048	-32.6503	5.3842	43.4409	9.89921	-35.929	0.720499	45.3862	28.6904	1.1744	-51.3095	1.09599	-45.2627	37.4128	9.5089	-29.7296	18.6845	10.6702	13.3779	31.8013	-61.2423	41.9376	22.0316	-66.598	
Iter 48: -0.0483918	-18.8056	-35.3587	-26.9098	20.7956	-13.9709	73.374	7.61814	4.95334	13.5231	4.46092	11.9764	52.0188	-29.8453	-10.6985	-24.3882	-57.1908	-18.3989	-39.8386	35.2656	-1.644	1.55237	-21.9444	-16.7473	-4.03023	-12.3482	-60.9058	2.42041	22.6369	-70.9045	
Iter 49: 11.7119	9.80458	-1.76716	37.1538	28.0287	21.1129	79.0327	-6.76214	-45.6295	-7.84708	6.2101	-9.71802	26.4401	-9.82569	32.3368	-18.0071	-62.1943	-8.42137	-10.4775	10.7147	-12.1784	-51.0891	17.3006	-9.85455	-17.8143	1.27395	-75.4653	37.1747	22.5973	-50.8201	
Iter 50: 0.767311	-12.1067	16.4655	11.996	23.8973	-21.6144	76.9279	15.4278	-32.9178	6.77682	9.53209	-0.70803	23.1913	-35.4295	19.0746	16.2296	-66.6479	-9.73851	4.02277	72.5823	0.0827976	20.6433	8.17294	-17.0915	3.34223	3.31044	-58.6418	-31.2241	22.6721	-53.6394	
Iter 51: 19.2975	9.83249	-20.5734	8.56864	13.039	3.61319	72.5633	-9.91188	-30.7806	14.1542	16.348	20.8374	0.817982	-33.7803	50.2392	-44.2014	-76.3122	7.53655	1.70208	60.6739	-28.3662	57.64	10.419	-31.2968	-0.32437	-2.02286	-61.3278	2.25013	27.512	-55.6232	
Iter 52: 34.9912	-27.7961	19.3612	20.6014	11.471	23.4007	65.0348	-17.5226	-37.2604	-18.9836	-1.11989	13.6149	7.15648	-14.4313	-32.3286	-2.34923	-64.3658	14.7006	30.8414	-0.122194	-15.803	44.429	1.65663	-11.4125	4.6438	-17.6099	-70.2698	-6.80844	3.657	-51.7364	
Iter 53: -18.9928	9.75069	25.4431	15.4565	-6.57932	46.2193	76.8377	9.99166	49.8985	12.0726	-5.68463	5.6539	34.4403	5.89882	28.9382	-27.2335	-72.4658	38.5028	6.68705	67.4497	6.11859	-23.0796	-0.634851	30.9954	1.50383	21.0728	-56.9529	-32.2754	9.72831	-77.3988	
Iter 54: 24.6559	9.29812	24.7943	3.33525	13.7926	-13.8776	74.0951	-32.6293	23.6642	-8.63798	-6.36483	-12.4825	21.0903	36.2666	25.9667	9.06641	-61.9741	-1.3654	0.12392	38.9644	-31.0268	29.5589	7.63425	-8.0986	14.5665	31.1999	-57.606	43.4461	13.1635	-74.1065	
Iter 55: -10.2102	-12.3707	-30.1866	6.87306	21.0407	20.6703	74.1589	2.96099	-19.7104	27.2851	-14.8045	26.9289	8.12158	7.29579	17.4434	18.2863	-57.6392	1.36674	15.3243	59.2977	-1.37276	-1.40755	22.2254	17.4715	20.991	-2.30219	-67.3657	32.1585	7.44554	-46.0773	
Iter 56: 41.7381	-8.15189	-12.8738	-46.819	30.4998	-25.0476	50.4928	31.7191	42.1007	-3.464	-28.0503	-7.16771	11.1364	-35.3994	-1.73832	-11.6004	-51.1446	-19.386	-22.0247	11.2444	-2.20329	29.3255	47.7041	28.4541	-27.582	-49.4804	-57.3565	51.4157	34.1663	-71.7037	
Iter 57: -32.1243	24.358	-32.4592	7.70784	22.7032	40.9538	73.7484	2.77984	-10.2115	-0.424794	-9.44872	-7.27741	13.3601	24.6996	9.0281	41.395	-60.6925	-32.8228	-24.5926	69.4027	-7.06158	-41.3895	9.49663	-9.61284	-3.54618	7.58533	-63.4941	9.12476	8.00007	-55.0195	
Iter 58: 15.3164	-18.9385	18.5418	1.03981	17.2142	-11.682	77.4662	5.18996	35.821	6.78813	-1.48051	-19.9907	22.8816	-21.543	-24.6939	52.1793	-57.0515	16.2481	15.3078	9.84339	13.937	-3.0476	15.3993	27.4642	45.1236	-17.6615	-58.7067	-11.1905	14.7979	-64.4501	
Iter 59: -0.619725	-4.89216	-37.2572	12.8881	26.6669	8.09284	69.3658	-31.5627	7.03869	11.7162	-34.6204	45.4534	34.9344	1.51609	-56.1346	14.2572	-49.8071	-38.1841	23.746	55.6793	-10.3121	12.2693	9.69566	16.6277	57.9462	24.637	-63.0829	-50.6069	17.4948	-67.8845	
Iter 60: 25.9464	7.85103	-21.9766	-15.0393	21.3117	12.2668	60.901	0.409056	71.1559	18.8178	-35.063	4.46197	-25.235	14.5864	-15.382	-7.61032	-58.3661	9.30989	25.6564	37.6162	41.9833	-28.494	-0.562736	-14.5069	16.2984	25.1383	-68.6691	18.6347	19.4717	-74.8016	

Best Xs Fitness
2606.65
2583.09
2949.33
2534.58
2754.25
2797.67
2759.61
3134.4
3010.41
2909.96
2732.01
3094.26
2609.12
3011.58
2971.12
2837.34
2473.25
2781.29
2662.2
2704.89
2482.93
2573.45
2816.96
2858.08
2816.1
2802.04
2715.87
2891.7
2707.4
2809.8
2781.24
2786.27
2794.5
2669.76
2876.16
2977.75
2608.17
2936.22
2669.57
2746.27
2920.87
2658.6
2547.74
2875.05
2882.23
2878.75
2779.48
2830.11
2783.14
2690.05
2483.13
2638.23
2768.67
2964.29
2980.06
2747.51
3057.38
2707.79
3013.1
2718.15
