13-Dec-2018-18_03_38
 - Ran 736.805852 sec, min 3255.37


Best Xs
Iter 01: 161.85	196.65	90.6643	-68.8263	-13.6287	36.6379	-157.648	-125.66	-16.883	-195.746	-11.0361	-3.50194	-32.6716	173.09	59.7746	137.948	162.213	182.417	110.27	81.6488	-201.906	-48.1684	98.474	-16.2825	-263.538	-54.7777	-3.71838	3.19704	160.802	-60.302	
Iter 02: 204.886	197.679	89.3029	-66.5268	-30.639	-48.1524	-232.737	-132.854	-56.1621	-225.463	20.8183	40.7634	0.0899794	145.93	87.4717	56.44	147.453	46.7458	165.66	14.4251	-230.869	-3.1656	115.278	-45.3192	-246.261	-60.7518	27.458	-51.365	239.026	-70.1456	
Iter 03: 183.712	238.974	121.881	-54.952	-20.0086	15.9222	-229.769	-101.83	-4.58388	-209.363	38.3161	-33.9401	9.35791	228.473	59.4286	49.0461	174.159	71.8668	108.707	80.8499	-220.74	-36.8786	113.912	1.31394	-303.858	-43.2936	28.4681	-68.8806	204.767	-76.1735	
Iter 04: 152.241	282.999	157.282	-70.8888	-8.71941	66.3169	-254.948	-61.7896	5.25383	-200.437	18.9259	19.9171	-27.7507	149.509	88.1252	53.4635	90.2383	124.486	119.851	55.8835	-258.231	-88.2425	123.699	43.7329	-216.933	-44	29.7983	-26.2449	182.313	7.81716	
Iter 05: 88.923	320.499	86.6149	-74.6862	-67.6532	-45.6924	-301.988	-83.086	-16.7267	-194.619	5.88482	95.412	3.44489	168.892	73.5551	101.062	108.192	62.6608	67.2267	39.7844	-172.807	-2.65841	84.8179	-84.9401	-306.537	-117.34	60.3644	-65.1064	248.409	41.5129	
Iter 06: 213.214	179.218	107.863	-19.0073	-58.7721	8.14321	-234.154	-35.6685	-24.7542	-193.196	25.0164	15.8826	-16.9345	174.642	46.1329	88.9881	200.635	31.5993	100.504	89.2741	-222.194	-13.0599	144.328	-10.7178	-240.111	-96.3732	29.7836	-131.482	176.933	-51.692	
Iter 07: 108.279	234.778	100.583	-82.8027	15.4083	-6.17559	-196.505	-175.377	-46.9682	-221.84	78.8619	-6.15785	1.59981	140.021	68.8786	26.1604	136.9	27.1768	166.033	119.962	-200.608	-37.0256	137.55	-10.5585	-267.746	-15.086	25.4999	-95.7325	208.119	-72.298	
Iter 08: 84.4067	248.942	114.035	-86.3658	-11.0826	-28.903	-200.886	-90.9055	20.9214	-211.204	27.9235	60.3916	15.0178	131.548	57.7609	0.117402	87.3723	26.8391	161.153	44.0559	-208.995	-12.2471	103.651	9.33695	-377.681	-12.0132	14.9151	-66.8836	280.128	-3.54976	
Iter 09: 194.216	253.546	27.4926	-43.7885	14.9076	16.306	-257.167	-249.471	-50.094	-218.9	80.7944	-6.9547	1.09626	111.233	43.2139	48.7662	102.46	24.9878	126.1	1.56721	-67.2454	-53.8009	78.8285	-23.5785	-255.32	-51.9722	58.9892	-108.288	151.922	-50.8166	
Iter 10: -114.303	117.325	69.322	136.962	33.5658	41.3859	-35.6977	22.0447	-56.8507	116.613	144.002	-48.06	13.5781	-16.9884	-86.2464	-38.5464	-12.2588	-49.3436	-166.611	-140.423	98.6253	-143.35	129.345	70.4671	202.04	-80.8447	135.982	-145.068	72.1782	-96.7544	
Iter 11: 51.3558	114.095	148.508	37.882	2.86718	0.473633	-196.549	-59.8271	-42.4307	-10.1171	7.16869	62.4267	-0.424352	117.018	262.395	24.158	50.4842	-55.7495	60.4319	39.6152	-115.01	-39.5363	62.856	134.24	-317.69	-105.091	141.046	-67.2302	206.788	-43.4564	
Iter 12: 103.995	223.854	96.8572	-49.2471	-64.6254	-21.2546	-149.914	-51.9969	64.9637	-183.348	-4.41219	42.789	11.0474	199.774	34.4703	80.8381	133.613	52.8448	84.2431	29.7286	-144.247	1.86035	128.492	-68.6242	-279.245	-74.9065	-11.1864	-130.035	244.039	-1.5199	
Iter 13: 176.418	-131.64	61.7326	-22.0937	190.436	36.8641	-22.3138	30.7991	-44.8687	-167.442	236.437	-19.6746	11.4032	-40.2568	68.9508	-74.3821	13.9968	-21.1587	124.762	41.2443	-99.2526	78.5199	166.346	141.591	-212.012	180.594	0.73674	-75.388	-24.9326	-108.887	
Iter 14: 161.433	214.675	134.459	-47.9109	-11.3109	11.4275	-212.361	-65.7093	25.1319	-198.792	16.6279	-14.3574	2.87157	116.143	73.5345	108.073	123.428	150.504	116.205	99.7346	-238.73	-23.9294	112.852	-81.0437	-257.66	-59.1391	55.5633	-88.9537	146.236	-35.0492	
Iter 15: 46.6016	-90.1873	153.025	92.4192	70.5486	-174.117	147.627	42.8866	-9.66923	70.6052	-10.2104	234.336	51.9355	131.619	-103.942	-117.23	3.93825	28.098	-60.3223	-67.7913	-15.0265	-111.754	-53.175	-122.093	-210.125	-100.236	289.212	89.8164	87.4101	80.9161	
Iter 16: 217.091	204.834	175.304	-16.3932	-13.4351	29.5743	-210.995	-104.344	36.1739	-165.194	17.2137	-2.86128	4.95647	140.855	88.5106	59.7728	94.4426	91.4346	157.817	81.5756	-273.806	-13.0261	111.951	-9.93083	-319.847	-48.3466	51.1828	-64.0735	151.259	-15.3936	
Iter 17: 1.4813	-16.0164	40.9485	111.468	117.431	-51.486	-77.9354	221.654	-38.9934	64.548	169.815	-61.7698	57.5371	-19.5329	211.645	-78.6676	126.872	-4.10476	-57.2146	-52.9258	61.3702	68.1181	111.015	-208.692	12.6429	73.7509	31.2731	-139.36	-69.3268	-115.478	
Iter 18: 143.869	286.946	158.941	-34.6014	-43.8882	48.1375	-198.263	-183.349	-28.8299	-168.247	-10.3981	-10.2283	-24.6376	145.111	87.6982	68.2821	177.196	117.35	151.104	98.7934	-186.947	-40.3921	103.276	-36.7765	-214.37	-75.3298	40.1584	-77.6098	141.502	-24.3394	
Iter 19: 181.84	216.12	166.122	-53.6979	-41.3235	-7.63585	-212.769	-103.945	34.0609	-213.1	4.72094	21.3264	13.2057	187.81	40.821	68.4547	148.191	90.7427	139.547	91.926	-242.744	-56.7714	121.786	-23.3847	-279.273	-82.3625	55.2576	-84.7226	202.964	-16.9912	
Iter 20: 175.115	232.789	181.974	-0.911525	25.5135	-26.6505	-195.679	-86.836	-89.5676	-127.645	22.2582	106.609	-15.9242	193.03	1.10094	-16.8589	79.413	156.366	69.1474	65.647	-144.102	-74.7229	94.0175	100.13	-283.458	-44.5819	125.866	-0.872004	282.033	-16.1681	
Iter 21: 147.369	229.327	179.945	-121.612	192.369	57.3506	-238.513	-77.6803	82.6837	-283.223	9.77305	-2.94595	42.1671	25.3463	-24.9592	128.73	111.266	32.4352	38.4368	-22.2497	-54.071	76.4701	-36.8583	31.1712	-202.571	126.256	161.077	-41.8461	77.9	51.9744	
Iter 22: 190.655	204.932	96.6969	-45.7019	-37.4531	-2.70242	-284.532	-167.892	3.30302	-186.355	-2.13481	18.2388	-4.46546	154.325	53.6701	109.026	124.374	86.7105	154.183	25.0293	-215.508	-3.53194	88.7083	-10.8251	-285.486	-43.5426	-23.9969	-25.8491	212.565	-40.7452	
Iter 23: 120.14	290.551	122.618	-37.6825	22.8176	-28.6254	-221.42	-22.1206	-59.0223	-157.594	25.743	56.7975	-22.6223	221.396	88.5878	81.5281	73.3506	101.955	22.3923	17.193	-203.986	-116.144	88.816	-69.9276	-275.665	0.782997	33.9966	-66.6371	253.32	-28.2822	
Iter 24: 79.2361	287.77	67.2406	-67.3589	-13.6798	41.2619	-119.958	-144.632	23.1903	-175.663	55.7954	42.1767	-3.13282	198.777	86.7893	70.6722	111.568	211.681	104.126	28.9708	-200.357	-46.2933	127.252	83.2401	-314.016	-43.5904	6.49182	-46.0592	231.595	24.7793	
Iter 25: 69.1177	243.578	170.922	-100.645	-133.253	-13.9158	-126.383	7.80107	39.9527	-197.147	59.5401	29.3171	28.7413	162.964	86.0407	-48.9429	168.279	121.615	59.8721	68.4524	-135.563	-140.486	172.415	-69.1079	-241.014	-232.131	134.399	36.3834	164.782	19.8334	
Iter 26: 163.52	264.087	129.058	-61.2468	-62.0521	22.2124	-270.093	-113.72	-4.83006	-213.419	15.5844	-3.33845	-14.9564	168.471	39.7327	96.9064	183.013	107.342	110.633	72.4177	-200.155	-54.03	123.926	-55.1322	-264.988	-103.763	38.3903	-78.7694	176.782	-29.0973	
Iter 27: 162.119	225.29	169.757	-56.8262	-57.4428	-6.85642	-190.893	-139.934	70.8235	-210.578	3.33947	-9.8736	27.1348	177.888	72.6607	87.7165	149.819	120.304	77.2291	70.9292	-150.788	-52.4858	142.726	-57.6503	-195.298	-107.107	52.9398	-93.4242	223.213	-37.3623	
Iter 28: 112.617	304.482	112.008	-120.581	-15.5186	6.74127	-201.495	-49.5651	18.4302	-265.916	-7.10286	53.0049	-15.2929	159.945	63.635	14.1991	121.882	35.1949	113.98	40.417	-278.633	-87.0972	86.2295	-77.4421	-262.896	-32.4869	20.8763	-72.0296	192.079	42.1929	
Iter 29: 180.76	151.332	103.322	-12.5866	-14.5679	-8.63188	-261.205	-109.259	-56.0119	-168.212	-25.7915	75.806	-50.8743	191.145	28.0256	94.9713	155.187	94.8418	128.108	46.1178	-192.902	4.90938	55.6084	-55.3988	-304.528	-63.7478	65.1971	-104.649	160.796	-24.7588	
Iter 30: 113.444	250.821	145.527	-94.5661	-53.6801	-9.00333	-267.045	-60.0428	23.3507	-238.349	44.7124	15.0399	24.465	209.538	69.0503	39.5513	141.489	85.7287	76.8034	124.144	-197.167	-55.1656	164.515	-36.6987	-304.685	-100.371	53.9871	-86.3627	200.199	-15.0772	
Iter 31: 214.892	221.303	98.1986	-60.5141	-26.8654	3.37476	-201.171	-153.49	8.45087	-199.014	23.0103	-20.6935	9.38995	210.355	115.88	85.608	53.6343	117.747	82.9818	-20.9267	-178.74	-23.4432	129.46	-37.4689	-327.369	-44.2024	-9.74513	-0.219829	195.509	-66.6247	
Iter 32: 180.501	231.653	109.19	-71.26	7.02563	100.665	-274.061	-123.488	-49.1891	-236.859	31.6288	-40.3799	-40.3369	144.764	36.4408	75.6573	91.2253	108.167	110.057	29.2377	-229.449	-42.9863	103.257	39.8905	-213.189	-43.9597	51.3664	-68.8148	59.8588	-36.6413	
Iter 33: 130.295	239.261	42.2779	-72.9256	-49.6573	38.4107	-225.386	-98.1009	106.185	-226.169	46.1491	-8.97724	36.0004	233.269	113.998	41.3612	144.968	45.3603	101.467	97.2424	-211.788	-11.2297	110.948	14.0231	-277.243	-80.0261	0.114621	-128.706	160.558	28.8198	
Iter 34: 66.9187	214.989	128.658	-74.0377	-37.0903	12.0393	-134.79	-105.518	-81.7043	-210.536	22.9856	29.6437	-24.7454	137.664	106.765	88.3176	68.3902	76.25	67.3357	-46.3333	-169.085	-100.308	103.625	-16.562	-355.141	-124.04	106.521	-150.715	143.276	-40.9714	
Iter 35: 201.98	283.828	111.281	-29.2134	-52.9265	-34.0381	-168.931	-114.706	28.0549	-163.637	-15.3999	32.8175	18.8599	132.797	69.8524	97.1182	136.523	150.719	135.042	95.7525	-214.187	-3.7784	87.7171	-54.7016	-266.02	-91.8468	31.8489	-13.0858	283.667	-23.8274	
Iter 36: 223.986	233.786	199.088	-91.0923	-15.074	-21.581	-213.482	-186.822	31.2538	-264.191	17.704	1.39155	37.1417	152.903	38.4321	113.605	109.18	162.215	96.3817	51.8772	-144.132	-44.3147	108.808	-64.1317	-294.34	-64.2371	83.3854	-16.8531	192.84	-30.5274	
Iter 37: 185.411	231.051	55.989	-13.2431	-36.4164	-11.6482	-270.826	-102.27	34.7797	-160.464	50.1861	-59.1317	29.1525	130.58	2.98708	170.298	124.542	28.242	69.057	97.4915	-105.897	46.7894	119.787	-146.356	-321.739	-66.1543	14.091	-64.5351	147.731	-69.5048	
Iter 38: 224.813	218.305	71.5814	-65.9807	-29.0767	-10.529	-258.2	-102.62	17.7102	-237.239	7.88959	20.1502	11.8929	187.484	114.418	112.116	143.063	44.25	40.6015	157.208	-172.647	-97.4073	92.3696	-7.05488	-281.83	-49.8067	13.9601	-74.773	224.877	-32.1728	
Iter 39: 40.3098	74.4804	-141.911	27.6306	-13.1743	46.85	61.0729	-64.185	-112.782	15.8575	163.996	67.4006	-59.0498	-111.297	-112.539	-21.4322	-125.758	-21.8781	-78.6512	100.867	147.684	25.428	137.252	-16.5575	94.0113	-101.819	29.5449	167.764	-55.6105	17.5325	
Iter 40: 188.071	227.979	101.452	-10.5882	-5.59516	-40.3196	-211.455	-63.0356	104.381	-142.929	46.1526	-19.0468	65.3319	182.341	81.9331	76.8604	116.006	112.879	31.1189	29.3666	-183.938	-50.8294	76.7409	-21.9423	-212.426	-89.0174	94.9564	-34.0926	291.449	-52.2637	
Iter 41: 170.912	259.488	173.519	-92.0126	15.7038	3.21641	-156.757	-18.8309	-7.29309	-257.336	61.4887	11.3365	8.85258	153.908	58.9517	89.1888	94.1257	150.852	45.3138	122.884	-178.368	-59.2162	145.424	-18.7016	-290.39	-44.4581	81.2386	-49.3871	206.075	-33.057	
Iter 42: 106.675	212.541	138.655	-27.2694	-54.1048	-5.79318	-183.861	-87.4939	52.9615	-124.326	15.0928	39.3487	2.78589	225.129	44.785	50.6237	167.809	131.686	143.319	26.4435	-223.865	-44.7703	151.315	-11.0768	-310.539	-75.1125	14.3904	-11.3101	230.922	-3.93405	
Iter 43: 116.878	187.522	110.675	-70.6534	-34.2225	-36.2804	-299.382	-67.215	-18.5435	-237.455	42.1998	52.6778	3.85004	179.616	63.1858	99.337	144.213	45.8463	60.9245	61.8728	-195.867	-80.2829	124.993	-45.2908	-285.881	-60.3739	36.5133	-165.922	206.036	-26.8006	
Iter 44: 192.641	264.992	128.717	-77.533	-24.7169	31.0024	-225.322	-68.9719	21.6522	-236.31	-11.5572	34.6044	-13.7084	164.161	45.3323	111.746	111.447	135.911	93.9622	63.9645	-236.13	-21.9292	106.412	26.319	-209.001	-48.6402	3.78944	-54.5939	211.088	9.70678	
Iter 45: 112.516	-164.743	-115.979	-32.0467	-128.37	-105.833	-31.1817	56.4362	-202.029	-159.024	37.0093	115.342	-17.164	3.94065	-97.4785	-221.902	97.1006	-46.4012	97.8791	106.729	11.9862	62.0207	53.1174	-112.889	-15.8829	-220.853	70.6089	-70.3721	-52.801	-92.7781	
Iter 46: 71.9692	260.448	119.074	-104.662	-24.4714	9.39816	-168.723	-137.847	-53.8933	-205.69	-42.74	15.6265	-13.6776	150.294	62.9147	16.8016	169.795	92.1177	167.913	139.309	-243.578	-2.00462	25.5996	29.2801	-266.001	-87.6651	104.791	3.32566	231.639	-57.0671	
Iter 47: 132.908	346.005	127.651	-55.3827	-32.9479	62.636	-258.186	-124.426	24.9608	-140.146	124.47	-10.5749	16.6744	-4.17848	86.5221	-21.874	172.942	126.262	172.427	-6.23588	-44.0405	93.0816	183.353	9.33052	-157.232	-95.6751	73.0191	77.0872	136.682	30.1679	
Iter 48: 146.795	246.12	148.382	-53.8861	-15.335	15.7835	-132.163	-87.9925	35.5549	-196.794	4.71925	17.6597	-5.3324	177.968	117.696	99.7068	196.365	139.022	134.543	89.0107	-241.696	-62.4191	121.811	-46.6362	-262.189	-51.9139	36.9855	-98.6353	190.539	-6.01475	
Iter 49: 184.057	228.389	140.596	-29.7459	11.6063	-13.3007	-162.539	-101.265	-44.8214	-185.613	49.7503	-48.2785	-9.92617	116.115	10.3208	132.05	118.078	82.4858	94.0589	20.0963	-167.501	-39.2198	138.107	-40.7581	-247.535	-19.9244	32.3301	-76.9482	260.82	-141.318	
Iter 50: 142.566	241.356	197.385	-51.7387	2.85687	12.6751	-238.853	-36.4262	23.7159	-166.453	-26.1875	-14.0643	9.1738	170.56	99.7005	69.6071	173.551	67.6819	133.606	54.1982	-192.504	32.2027	53.0945	-15.3893	-318.049	-43.648	111.955	-22.2402	199.975	-38.9806	
Iter 51: 141.218	187.582	91.6225	-53.2521	2.75564	-10.7031	-219.564	-108.73	70.3432	-184.278	43.9206	-0.908488	32.4646	202.301	88.083	59.5028	119.214	77.0653	100.021	92.4487	-233.375	-32.7002	105.257	5.17924	-313.038	-32.5504	20.6932	-62.9241	239.709	-45.6607	
Iter 52: 116.043	318.68	52.0753	-68.3092	10.0764	-1.56715	-132.93	-78.8431	-88.7212	-209.142	7.25373	54.0576	-31.853	139.184	89.9077	42.9834	126.144	24.4401	119.086	100.633	-161.181	-12.2023	39.5682	-1.9783	-328.258	-46.3966	78.8214	-113.382	256.244	-32.3888	
Iter 53: -50.2809	38.3494	-110.399	161.895	-59.5654	5.45488	15.4624	60.5648	-129.413	105.759	109.087	-158.474	23.7117	-54.3559	-31.6387	-150.159	-19.3724	-43.4367	-56.9486	-74.1022	59.3203	-100.93	108.515	-144.43	142.132	-94.4556	-18.0549	-205.91	-67.029	-225.171	
Iter 54: 231.449	372.891	129.594	22.3433	18.8307	36.8047	-219.408	-54.9307	91.6282	-139.447	23.8162	22.782	29.6196	177.594	36.1875	42.5483	149.644	-26.1269	74.4151	95.0264	-175.681	-13.0745	86.8793	14.91	-292.903	0.267579	31.3079	-96.1893	237.207	65.9035	
Iter 55: 128.39	309.76	76.029	-22.8349	-5.1002	-6.56889	-223.212	-75.9016	21.6803	-171.379	86.2991	-29.3615	40.3343	111.622	40.1589	62.3497	79.4762	33.2786	94.64	-19.7597	-190.322	-2.06052	134.129	79.3921	-206.735	-73.1267	55.5154	-134.083	335.637	-82.992	
Iter 56: 251.355	289.265	99.4098	-37.8033	-17.7688	8.52186	-158.497	-21.0167	-12.1026	-172.43	90.6293	93.6981	-17.2763	121.766	117.063	65.1552	176.284	131.504	93.956	57.9719	-221.038	23.8327	180.323	6.82727	-200.781	-17.3667	-20.271	41.2418	216.499	50.6002	
Iter 57: 139.046	328.308	107.348	-58.6116	-52.841	31.6674	-191.921	-34.1077	1.1973	-221.732	84.4065	21.681	3.57796	118.726	0.259418	14.4763	2.39792	33.7366	92.2131	23.0101	-194.331	12.1547	175.24	41.0246	-357.512	-89.1737	30.3484	-111.531	227.738	7.27779	
Iter 58: 92.482	225.411	36.986	-95.2771	55.482	0.611721	-295.045	-66.5428	49.9638	-256.448	116.982	22.4635	13.7039	163.649	62.5164	46.6039	110.199	97.5101	83.8551	20.2504	-125.095	-23.8619	148.478	3.0646	-265.004	38.1334	-22.2286	-126.24	237.511	-16.5131	
Iter 59: 204.479	267.582	20.2403	-70.7281	-54.1164	-1.7998	-209.781	-104.844	-24.8163	-232.767	41.0225	39.4598	-4.36545	172.583	67.9933	-5.1749	140.95	80.9933	120.378	-1.7505	-239.962	-60.6219	122.664	-49.6503	-232.69	-66.1036	-4.58812	-51.6283	172.588	2.85259	
Iter 60: 126.005	228.051	142.182	-83.8371	0.415476	22.5518	-272.317	-69.8349	27.1746	-235.648	11.6911	-6.95491	13.1296	167.9	113.432	51.5967	77.576	148.834	120.222	-4.64039	-281.83	-98.3455	108.824	-54.8951	-276.144	-15.6372	28.6171	-118.407	127.402	-9.28908	

Best Xs Fitness
3321.46
3286.61
3275.23
3286.48
3260.14
3316.68
3280.39
3263.55
3296.37
3584.68
3417.96
3312.6
3846.41
3282.43
3736.28
3285.71
3970.36
3303.07
3272.84
3306.42
3463.86
3290.11
3289.97
3292.24
3334.11
3272.37
3299.03
3286.12
3312.85
3259.51
3292.67
3321.22
3300.7
3296.46
3284.85
3276.2
3316.47
3281.46
4403.91
3302.34
3271.86
3296.87
3279.1
3287.89
3711.84
3304.4
3328.24
3297.84
3306.72
3286.26
3272.72
3277.73
3488.68
3302.29
3291.37
3326.03
3255.37
3316.1
3288.16
3293.87
