13-Dec-2018-12_37_59
 - Ran 452.129835 sec, min 1400.14


Best Xs
Iter 01: -14.884	15.5792	50.0631	31.5202	14.9469	37.9018	-16.8953	68.3644	70.1658	62.3336	-28.8983	-11.0797	-41.5656	22.4563	63.8435	79.5986	16.8583	15.5158	-48.7886	44.0439	-22.3216	-46.4908	63.0183	42.654	67.5404	-33.6111	10.2571	28.8796	-52.4543	-6.72404	
Iter 02: -0.364537	24.4316	46.3721	28.7578	12.1522	39.8977	-27.3529	71.608	79.6003	59.7132	-26.9453	-29.9529	-35.8433	27.2764	54.0724	69.4352	18.4482	18.7083	-50.617	46.3442	-12.1042	-46.819	64.7804	41.9554	78.1003	-20.1198	11.5437	25.7674	-58.7225	-7.73083	
Iter 03: -7.81093	20.6584	46.0054	44.9478	4.34891	51.7292	-19.9959	72.1654	79.0247	70.4444	-30.2583	-11.7819	-48.9196	24.1959	50.6824	75.3559	14.7786	7.14412	-36.1619	45.9971	-11.3934	-39.5572	61.1093	38.9607	82.9835	-25.1392	8.21932	21.1336	-60.9667	-5.6349	
Iter 04: -12.9292	20.4427	48.4178	23.4953	-0.600612	49.2467	-19.9015	72.616	75.564	68.9391	-28.2105	-33.7572	-31.3891	29.4825	55.6199	76.5022	11.7894	9.16955	-40.0849	50.8378	-10.2412	-49.6595	63.5813	38.949	72.4858	-29.9646	9.4985	15.8712	-49.525	-5.7373	
Iter 05: -20.3311	20.1292	55.5265	27.3141	10.1197	48.019	-14.8301	76.0812	68.9287	63.8924	-35.2207	-20.49	-25.0674	24.5555	65.3662	66.1495	24.6379	20.6487	-50.6453	46.0306	-20.3119	-46.5957	59.0402	40.4153	63.725	-28.3175	20.6921	23.2206	-66.9662	-10.356	
Iter 06: -14.3652	21.9866	50.9601	25.7479	1.65421	48.2203	-11.7052	69.8718	73.0705	61.2721	-24.5312	-28.9363	-46.1815	40.09	64.3389	71.8004	16.7897	21.7643	-55.7552	41.1258	-15.8373	-45.0452	49.6099	42.9649	64.6043	-27.0697	25.8847	26.8127	-56.8302	-14.2996	
Iter 07: -21.3676	15.2332	37.9641	37.3009	21.3192	59.4164	-22.8624	63.8889	76.4076	67.4538	-30.2991	-27.0232	-40.5383	30.2438	54.3044	72.3853	17.5085	-5.3446	-55.5822	42.2373	-21.2547	-52.7351	63.5504	41.321	79.0459	-22.0033	8.44505	22.1181	-57.4698	-4.39379	
Iter 08: -5.58279	6.65736	52.576	29.4598	19.73	47.5312	-11.7276	67.2934	71.3624	78.2644	-38.8956	-25.2301	-32.9114	20.2476	55.8955	77.2179	18.3732	7.03265	-45.2609	43.0218	-21.4296	-58.0545	72.4822	40.1987	71.7378	-27.3893	21.5505	11.6314	-52.5862	-0.867307	
Iter 09: -2.03316	17.0472	46.9087	26.434	-1.46522	36.6814	-21.3134	78.6115	69.4214	64.5275	-30.6416	-20.0936	-40.7097	34.8649	60.2324	67.3927	18.7486	17.5022	-43.8501	44.8084	-19.9114	-43.8264	68.6908	43.3946	79.1908	-26.7459	6.1591	20.271	-58.5918	-5.73471	
Iter 10: -17.1154	16.5641	46.6537	31.1994	5.40163	46.2531	-15.8842	76.9322	60.0464	64.8651	-28.6295	-26.2596	-34.0602	25.7818	58.7411	73.0381	15.4752	18.2451	-35.3959	41.0273	-21.6186	-54.1518	69.2658	37.9564	72.8711	-34.1663	17.5857	21.7748	-54.7451	-8.46426	
Iter 11: -14.2836	22.8735	46.2771	28.431	12.6449	47.3934	-15.707	70.7878	79.8207	62.3034	-24.9025	-23.8912	-39.2798	26.7526	52.7983	75.7334	16.732	21.6529	-34.0596	46.5578	-8.54195	-52.6475	71.9981	39.1862	72.0311	-26.254	27.8112	21.0781	-45.0338	-10.3589	
Iter 12: -14.9314	17.2141	50.4572	39.0536	16.9461	57.0341	-22.3319	77.178	61.5318	56.4943	-25.9594	-20.9381	-56.8922	23.7549	62.0266	73.2876	19.0793	6.70947	-39.3231	41.6706	-19.1305	-48.9259	61.2162	41.8524	64.3819	-35.128	9.65309	24.5674	-62.3367	0.11484	
Iter 13: -10.027	14.7972	48.1097	31.6461	12.9063	46.9722	-9.98659	69.0535	75.4241	69.5537	-27.4061	-24.6951	-57.064	28.3707	56.3973	74.9608	23.4371	9.7816	-40.36	31.4192	-27.0938	-54.4718	65.1407	40.4346	70.6783	-24.4226	4.8904	17.007	-58.524	-8.97289	
Iter 14: -9.57435	14.3603	48.0529	32.8255	17.5796	45.7039	-21.7824	76.8073	59.0052	68.4491	-36.3023	-16.6833	-50.369	27.4795	50.1947	74.6839	12.2442	11.5466	-54.6338	48.5359	-11.4876	-39.701	75.7807	37.0965	79.6853	-27.8131	8.74382	15.2846	-54.1964	0.777045	
Iter 15: -29.3825	18.6693	49.1523	32.8137	7.19509	46.8999	-17.1014	74.983	72.204	70.1516	-26.8099	-13.9156	-48.2213	21.2889	50.4162	68.1842	15.7889	23.1555	-41.8398	53.542	-11.8834	-44.3629	60.7114	43.9561	74.9378	-27.1059	13.254	15.8714	-49.9161	-4.48216	
Iter 16: -17.529	19.1891	52.652	41.4865	15.3432	50.5287	-13.1707	68.6233	68.6338	63.6252	-36.3801	-14.9308	-37.1952	16.9997	47.2612	78.311	12.3323	19.4816	-41.9459	48.5256	-14.6457	-43.725	63.3974	43.7278	77.5999	-31.0892	17.6143	21.4356	-53.9983	-8.46137	
Iter 17: -16.2247	15.5613	51.5404	32.9382	6.63615	37.0302	-23.0394	74.0245	76.996	71.4196	-31.4127	-18.6738	-37.7461	26.9654	55.9598	67.2659	14.983	16.9012	-31.478	37.201	-24.6305	-59.0212	67.9176	42.7102	72.9437	-31.9237	9.7226	15.0851	-56.1754	-9.10011	
Iter 18: -10.9192	19.7668	50.4956	23.1155	5.64944	42.8614	-25.8595	73.0049	71.5612	65.3857	-30.5745	-7.10453	-50.9204	25.916	74.4591	69.6458	15.4912	4.64083	-41.635	43.9762	-21.4033	-49.4701	58.3149	45.1224	59.0649	-38.3701	12.2616	20.5539	-64.2354	-2.87557	
Iter 19: -27.5212	15.1681	49.1921	18.5388	4.80982	49.2461	-19.0096	73.803	70.6704	66.8817	-34.7824	-32.4106	-52.4321	38.7476	58.2836	74.9882	18.3406	9.26619	-39.4525	55.9176	-21.5488	-36.1075	63.5992	40.2372	67.3185	-37.4102	3.72915	17.6021	-66.4718	-5.38334	
Iter 20: -23.5625	12.2206	46.5353	21.9053	-4.20447	44.6391	-17.4535	69.5493	80.2395	72.4721	-42.2332	-13.7888	-46.7225	23.1365	59.8261	73.491	16.6939	11.9994	-38.0278	35.0639	-14.6332	-64.9633	76.116	39.4884	67.649	-31.8259	17.5145	12.6485	-62.9999	-2.09905	
Iter 21: -22.2756	20.433	51.851	29.406	10.5316	33.0639	-13.2422	71.0224	70.561	59.3773	-27.3162	-29.624	-45.171	28.5154	55.4378	72.4732	16.7357	22.4478	-36.8895	43.236	-11.7506	-45.7378	68.4409	38.7668	77.6593	-23.3305	19.7315	20.0084	-57.1196	-10.9704	
Iter 22: -8.79512	14.7055	46.1538	25.587	17.3185	47.4807	-25.2784	71.0777	73.0459	67.7237	-32.581	-17.822	-38.9672	26.4489	64.482	75.1944	13.8463	30.0819	-37.7982	43.0071	-9.45927	-50.2229	59.9239	40.6011	74.141	-28.647	28.9694	15.0706	-54.2517	-3.04294	
Iter 23: -14.7068	12.1059	53.121	47.906	15.5789	69.4975	-10.347	75.0376	69.6922	69.7862	-37.0915	-14.7231	-54.6938	13.3881	65.9041	68.4542	23.258	-0.454969	-43.2434	41.7816	-14.9747	-64.5274	66.2166	38.7157	66.5981	-32.1865	15.0985	11.2021	-65.0281	3.23039	
Iter 24: -8.25465	18.8173	50.6754	32.7509	24.7928	50.3949	-16.2568	70.4968	73.3534	64.2187	-34.6912	-21.7594	-35.8315	33.176	57.8851	74.3116	13.0986	2.39628	-28.3736	59.7088	-16.9311	-56.2294	58.9064	40.9438	76.0138	-24.3252	13.6646	15.2696	-52.7092	-3.96783	
Iter 25: -10.582	18.9816	51.6882	29.8823	3.28278	44.9076	-24.1999	71.0997	72.5853	62.2908	-30.8194	-23.9373	-44.1661	21.2473	59.4227	74.0364	11.5591	21.9485	-33.7791	33.2026	-13.1902	-58.1769	60.8959	45.6505	70.6959	-29.3212	9.75859	22.2183	-55.4306	-9.6426	
Iter 26: -10.7131	14.509	47.0727	24.6863	9.41419	44.3967	-26.3487	77.1706	78.8008	67.2137	-38.6409	-20.1559	-41.8522	29.5021	63.1127	69.5687	24.9299	2.39229	-51.1676	36.8071	-18.4791	-49.1617	61.0906	39.6804	71.3117	-30.3823	4.25268	22.4179	-60.2127	-3.20243	
Iter 27: -20.379	18.4594	43.1959	41.2209	16.8545	46.6142	-20.4065	72.4225	72.9675	68.7143	-30.3465	-26.9896	-29.8342	21.5521	60.2681	70.9741	14.7278	6.56928	-38.1917	57.0753	-15.2467	-45.5886	51.5151	45.535	74.6067	-31.6931	17.2244	21.5904	-64.6424	-7.27707	
Iter 28: -2.09588	16.7036	49.1983	28.4384	25.1131	45.0371	-27.7249	69.3844	67.1976	59.4417	-31.0645	-24.7535	-32.492	31.6829	55.9159	68.5668	22.7203	7.04948	-57.0751	46.9111	-29.3818	-61.7439	74.4965	45.1762	68.1124	-28.4837	4.07694	26.639	-66.4457	-11.3442	
Iter 29: -16.5076	12.2147	53.6052	37.7784	13.6887	38.5406	-16.5038	75.6673	58.5607	62.5686	-24.7879	-29.3875	-37.7886	30.0331	59.2822	71.2232	17.6697	15.6143	-48.1434	43.4963	-26.7726	-50.6391	60.118	40.1898	69.8507	-32.8406	16.0678	17.9791	-56.399	-3.63651	
Iter 30: -20.9812	23.049	50.1417	35.2238	7.31061	49.0389	-20.913	66.0636	80.6866	59.9202	-28.0253	-38.6371	-40.7352	40.2574	50.0292	75.1337	12.6855	10.4351	-57.3668	42.801	-26.1108	-49.1232	66.49	34.3439	78.0165	-17.5803	13.0757	19.6102	-49.424	-14.4841	
Iter 31: -24.0584	13.5689	39.2672	30.7373	14.1394	44.6386	-27.3033	66.5785	68.1975	65.2239	-26.5654	-16.3801	-40.8934	29.004	51.192	69.4921	11.8031	19.362	-51.4486	42.2912	-16.172	-47.2021	66.2105	42.3566	78.5611	-25.6162	10.966	16.4686	-58.5348	-7.4024	
Iter 32: -2.77877	18.4276	50.4833	34.8906	21.3972	42.6169	-24.9852	73.3446	64.5506	66.1959	-26.3527	-37.0265	-37.7931	25.1028	59.3156	74.181	15.1978	15.4863	-45.547	39.5264	-12.799	-50.5954	59.6388	42.3078	77.2946	-36.1763	19.7052	20.9981	-62.1623	-1.38577	
Iter 33: -15.6006	13.1268	53.9313	33.3999	10.8886	42.2532	-10.9872	72.609	77.4844	64.238	-37.3259	-10.5171	-53.4437	23.7909	55.2522	74.1588	15.4171	17.1877	-37.1412	47.5773	-9.17883	-37.314	78.4072	38.7462	71.5252	-27.4277	16.0668	19.5767	-46.3646	-6.47031	
Iter 34: -0.854432	20.4204	54.5531	28.6216	15.8548	53.6374	-0.978504	79.297	62.7496	63.3262	-28.0328	-14.9842	-49.5171	40.0724	58.6337	71.9216	23.4556	7.89045	-38.4706	49.3019	-16.7856	-50.3271	64.8479	39.6774	69.7957	-25.6344	16.4836	24.0512	-59.103	-3.21203	
Iter 35: -8.04117	27.3723	48.8934	34.5148	3.33892	53.0721	0.659042	68.7528	75.0632	58.1518	-26.9953	-15.77	-34.7914	24.677	53.8596	78.4436	12.4095	0.656033	-45.255	53.8485	-17.6086	-52.764	73.3246	39.3704	72.4924	-30.5736	9.38177	22.9265	-51.4988	-14.1386	
Iter 36: -4.30296	11.1968	48.2539	38.2345	13.5123	37.014	-12.8501	71.6597	71.5209	71.2233	-37.3633	-15.6903	-41.6664	16.6465	63.7632	80.0818	14.4795	5.06634	-60.5453	51.4677	-18.6635	-39.8485	82.3014	36.507	72.2475	-30.6624	2.31269	16.4584	-57.8629	1.50999	
Iter 37: -14.7716	25.0182	48.2556	23.8586	22.5488	52.2706	-21.8815	74.4859	75.8078	63	-26.3411	-3.20256	-49.1945	21.7928	68.9446	74.3202	10.5419	16.7153	-40.3885	51.2313	-8.62246	-45.8011	60.6933	41.3835	66.214	-28.8391	17.7412	18.0875	-53.7802	-6.86578	
Iter 38: -1.88259	16.3832	54.5581	26.4405	12.0356	52.703	-13.5142	68.9043	75.7144	67.5226	-25.0684	-8.02159	-41.4944	28.4561	56.6796	75.4542	6.80402	0.417024	-49.2034	38.7846	-10.8767	-51.3435	74.1357	44.4494	86.3166	-25.8316	20.0783	17.6618	-48.3598	-7.37324	
Iter 39: -20.4652	14.1364	49.4479	28.7757	14.0699	42.9979	-11.2073	74.4177	73.0157	67.5073	-26.0298	-26.2441	-44.0324	25.437	59.7729	73.2113	17.15	29.1176	-50.622	49.8534	-31.8429	-37.6543	64.6434	40.6282	67.2057	-30.4672	29.5113	20.3483	-55.6056	-10.1986	
Iter 40: -26.5117	17.6513	54.2392	31.7198	10.7688	54.966	-25.9601	66.4075	75.1463	69.1987	-29.3799	-16.7389	-50.9722	26.5943	60.0221	75.6434	12.1611	11.8275	-33.5395	38.1712	-20.8456	-53.3193	55.1692	44.0997	75.0904	-20.8776	27.5462	22.1741	-51.8538	-8.01044	
Iter 41: -10.6944	7.50807	40.1377	42.5907	10.5531	46.7568	-15.2048	70.8757	73.3141	66.7264	-35.5158	-20.6959	-31.9349	25.4151	61.4444	79.6142	10.1832	25.1725	-39.3056	51.3463	-19.7444	-49.725	60.1261	41.0864	69.753	-33.6648	9.63586	21.2266	-58.5367	-9.33097	
Iter 42: -6.46547	12.6272	54.6255	45.5126	25.4565	43.0326	-16.9757	73.2718	69.4292	70.7147	-31.4457	-19.4346	-49.2614	31.474	52.4109	75.1704	8.9723	0.748599	-39.2459	40.3446	-15.7759	-44.4456	69.7553	42.1488	78.9955	-26.4201	20.2867	12.7984	-49.7828	1.09841	
Iter 43: -13.8127	17.234	53.995	36.3039	21.7116	45.9611	-14.9452	70.3106	71.3239	60.4124	-28.5155	-9.35128	-31.726	27.0315	45.7516	75.5913	25.2693	1.32296	-48.1038	56.2664	-29.2664	-55.3384	75.2018	38.7764	75.8248	-20.7228	25.4638	23.6623	-57.3411	-9.84048	
Iter 44: -11.8882	18.1523	53.0073	15.711	17.8041	39.3138	-23.9701	65.9797	70.731	60.4946	-35.3972	-16.7745	-41.4918	36.2667	59.4467	74.5996	17.9507	22.2585	-40.7167	45.6157	-18.5923	-55.9486	68.2121	42.6601	73.7354	-30.8262	-1.51166	23.5848	-60.5058	-7.74937	
Iter 45: -11.6712	15.7115	49.3161	28.7176	21.3671	45.9899	-11.2546	70.5658	67.0458	63.381	-28.5053	-9.34433	-45.4043	31.5362	54.7507	70.2052	14.0287	16.4743	-34.201	38.9325	-22.222	-55.9891	63.4846	40.8376	73.3635	-30.1976	19.3952	20.788	-57.1254	-1.4999	
Iter 46: 0.0582588	12.6504	57.5554	36	0.179446	56.7508	-20.4052	74.5051	65.1817	70.5005	-42.2626	-24.646	-43.28	31.1938	57.5745	78.7081	15.5462	6.03813	-33.3267	38.0811	-21.6464	-59.8145	78.2424	42.8414	70.8439	-27.1809	25.4617	16.3439	-50.6597	0.843109	
Iter 47: -7.92945	14.2208	44.8769	16.7619	0.497229	46.8027	-19.6675	72.3964	78.7779	62.9806	-30.3191	-19.5149	-40.1543	22.4121	69.3818	78.2328	12.7537	7.35088	-49.4695	42.9075	-6.14296	-39.6115	71.8391	45.7346	67.3784	-29.3229	16.6541	21.7059	-64.4329	-7.64994	
Iter 48: -7.78727	16.1386	56.9849	25.5949	12.4097	54.1972	-2.04529	76.0032	65.1608	71.2858	-32.3049	-31.8867	-36.4524	30.2294	62.5593	70.128	18.6297	15.3016	-42.3531	41.2011	-26.2486	-63.1346	57.6148	38.4929	65.185	-38.4577	14.2931	20.2445	-61.2676	-3.4882	
Iter 49: -5.76357	16.2663	46.7344	27.6219	6.58112	46.9396	-25.9435	70.0644	75.2868	78.6002	-38.3099	-25.1918	-36.9879	28.5112	68.9784	72.5212	17.0489	12.5273	-33.0245	35.2599	-13.0894	-51.9655	69.3877	45.2957	71.8442	-28.5477	6.37639	14.1751	-63.9297	-1.19659	
Iter 50: -22.9565	11.71	47.0297	19.9886	15.3557	36.5139	-27.4953	70.7394	67.0988	69.5298	-36.0801	-20.3378	-37.2369	30.4751	52.3263	72.2127	18.6043	-1.71521	-50.1763	47.8031	-14.8502	-54.6125	69.7361	40.8427	75.2722	-31.9005	16.966	17.9134	-57.396	-5.57394	
Iter 51: -17.8384	23.2044	49.67	36.5466	11.7418	52.163	-23.7544	68.6074	67.3198	63.5725	-30.7944	-32.8371	-26.9426	35.6651	47.2907	74.9887	20.1818	-3.37995	-43.5554	53.5676	-16.9046	-54.5817	67.8676	39.0295	81.1756	-26.8028	25.4836	22.9956	-56.691	-11.8629	
Iter 52: -3.88898	17.7786	54.1682	36.4833	10.6762	45.1362	-13.1932	73.042	81.6806	61.551	-22.7102	-19.1258	-27.3329	24.6136	53.0939	71.7802	16.9038	12.3821	-55.3153	46.457	-24.4196	-50.6795	68.99	39.821	76.0915	-27.086	0.668878	15.7918	-56.0188	-14.7823	
Iter 53: -26.4683	27.5908	50.0668	27.5608	13.6629	41.4061	-20.7766	63.7564	78.5131	59.2246	-31.8983	-34.7259	-59.8914	20.9729	60.2052	73.5499	18.6568	23.2739	-49.0491	48.8161	-19.7438	-44.9655	66.4978	40.214	76.5649	-20.6915	13.499	22.6122	-56.0539	-13.788	
Iter 54: -20.8577	19.2098	48.8934	26.0711	28.0234	54.9134	-19.8888	75.7842	68.5541	62.4415	-24.73	-14.7521	-35.9776	18.9483	57.1105	75.6726	11.3279	11.5547	-51.6849	53.9875	-15.3128	-42.6707	81.6649	38.0376	71.8228	-24.5944	18.6598	27.6548	-54.1959	-2.69518	
Iter 55: -15.4824	16.6695	48.3619	28.3218	-0.832457	59.6246	-11.1863	72.2886	71.6189	65.7836	-32.4762	-22.1945	-42.976	29.2426	59.0243	72.4893	19.4049	3.8749	-38.0343	40.7713	-20.9436	-44.0783	60.0581	37.2537	80.7991	-30.1647	20.4496	27.8457	-61.9983	-6.5091	
Iter 56: -15.5556	15.4236	41.3095	29.6014	19.7538	50.029	-9.94783	79.5702	66.0385	75.6954	-30.5108	-27.087	-47.1842	37.4206	52.2922	69.3192	20.2318	3.66616	-64.8636	51.1861	-25.6293	-47.959	66.5371	38.0221	70.4207	-30.8242	19.4698	13.0208	-54.8438	0.861124	
Iter 57: -17.7728	15.0475	47.815	31.4281	-0.255172	46.4512	-24.1898	65.6063	72.6936	63.1039	-26.9845	-12.7905	-40.0054	19.4232	52.57	77.4001	10.4092	4.52879	-35.8151	58.1108	-22.3592	-38.552	74.6644	41.0965	78.417	-27.0889	24.5916	19.6891	-59.4557	-10.5032	
Iter 58: -14.3736	19.753	50.0002	32.8119	25.4351	40.33	-15.3195	70.861	71.5171	61.5454	-30.5342	-24.2968	-46.2511	34.8608	61.4626	75.9489	11.7448	8.71773	-41.6164	29.8029	-13.3263	-51.7883	70.3885	46.4087	74.0892	-31.3268	12.9977	23.404	-48.9103	-8.25882	
Iter 59: -21.4147	11.2305	51.3935	29.3811	12.5784	67.656	-19.0463	71.032	75.4988	72.1458	-36.5808	-28.3869	-43.0574	22.997	58.9219	73.35	11.4614	17.1808	-50.5901	36.4786	-12.1805	-59.8741	48.4925	45.1325	74.4311	-27.5908	14.5931	19.1332	-52.9282	-2.25338	
Iter 60: -11.8736	24.4218	54.0257	50.6334	7.91938	55.9161	-14.4442	70.0258	68.0824	60.1211	-25.2675	-23.1371	-50.3591	15.8192	56.8417	77.0238	11.3456	8.75175	-48.5546	40.5397	-25.8546	-51.9181	54.6452	39.351	73.723	-26.1795	9.61404	18.9652	-56.1902	-8.42021	

Best Xs Fitness
1400.21
1400.21
1400.21
1400.22
1400.19
1400.14
1400.29
1400.28
1400.21
1400.22
1400.21
1400.23
1400.27
1400.25
1400.17
1400.19
1400.2
1400.19
1400.23
1400.28
1400.2
1400.23
1400.3
1400.24
1400.21
1400.25
1400.22
1400.26
1400.23
1400.22
1400.24
1400.24
1400.2
1400.2
1400.21
1400.26
1400.22
1400.22
1400.21
1400.23
1400.23
1400.25
1400.21
1400.24
1400.22
1400.27
1400.21
1400.24
1400.3
1400.25
1400.22
1400.26
1400.25
1400.24
1400.23
1400.26
1400.19
1400.25
1400.27
1400.2
