13-Dec-2018-18_03_38
 - Ran 713.831080 sec, min 2700.03


Best Xs
Iter 01: 3.51031	12.4031	-16.3468	5.76902	-3.93715	0.427396	-5.93111	3.32234	-7.95924	6.15144	3.11112	-2.88948	8.1045	-8.53805	-0.735826	0.198402	0.617428	-7.62766	10.3149	8.08498	3.4308	-6.7288	8.55754	-4.87824	-3.75617	-3.34231	-4.72894	12.3691	22.674	-7.49128	
Iter 02: 7.92248	-1.92457	6.82013	6.08693	-8.59233	4.08821	-3.4869	4.48205	-12.2238	0.990856	-0.0132951	-3.43228	0.968042	3.46936	-10.183	-6.19385	12.5246	12.4447	6.99392	13.9652	1.29383	-0.512965	-1.58391	-7.68647	2.97032	6.67321	2.75362	3.90504	-1.14505	1.36067	
Iter 03: -9.14701	-10.149	2.08256	13.3461	8.24089	9.55236	-8.48257	-18.6223	-2.2202	3.10024	3.07989	-6.80771	-14.7756	-6.16926	3.15811	-5.79141	-4.53186	11.1546	-4.90379	-10.0192	8.01476	-0.832076	-4.20965	-11.71	-9.10182	5.70038	8.06992	-4.52946	1.78051	5.32422	
Iter 04: -4.03824	4.27531	4.20837	4.72107	-6.63128	8.56866	-3.02099	3.33805	-2.46758	4.06137	3.94806	3.0073	-2.20369	7.7855	2.66678	-2.17237	-4.48073	1.73485	1.15277	-4.11476	3.61974	2.1985	-6.2941	-7.66999	1.0016	3.61129	8.40669	0.838812	16.3353	5.15732	
Iter 05: -3.65515	5.93311	2.28121	-6.06969	-4.2937	8.25171	-5.54984	-6.89753	2.15507	8.75683	-7.38229	2.78957	-6.00812	-3.99557	-6.24713	5.54595	-6.34633	4.81695	-3.93402	-2.38671	-3.69008	-6.2794	-1.46936	3.58171	0.491872	-11.8152	11.9846	1.19068	-5.09544	-6.72963	
Iter 06: 16.3975	-6.64621	-16.6305	8.65206	0.658224	12.2272	-3.7901	0.527374	9.69002	8.03445	4.09172	-8.57795	-5.90852	-3.65706	13.2958	-4.96682	14.1928	12.0462	3.1346	1.94676	0.235922	-1.41332	-4.96806	-19.4564	13.3856	19.5287	7.44043	8.91882	3.72055	-2.23252	
Iter 07: 0.00329358	-0.040843	-0.0114226	0.0335926	-0.0275768	-0.0154987	0.0283539	-0.0398664	-0.0140997	-0.040249	-0.0373254	0.0577451	0.00321838	0.0141596	-0.0120201	-0.0341518	-0.042268	-0.0588492	0.0719492	0.00806201	-0.0460156	-0.0198475	-0.00314748	-0.00536383	-0.00228105	-0.0241592	0.045821	0.0257499	-0.0353041	-0.0158418	
Iter 08: 1.75748	-0.568923	-0.922747	6.90263	6.7907	0.971246	-2.17874	-3.19476	-4.10865	-3.45815	-1.9946	7.08318	-8.42801	0.398836	0.672741	8.12232	0.191048	-8.48528	5.44353	20.432	7.59742	-8.89204	-0.745674	2.35943	3.91356	-2.0473	-2.14349	0.522608	7.675	-8.26625	
Iter 09: -3.80536	1.13807	1.04216	4.69654	-0.767249	5.44948	-6.32613	1.80614	2.95377	1.16108	4.14965	-0.402884	-4.71627	5.05493	1.59521	-4.38583	-2.5965	5.5509	-3.95105	2.87774	3.2827	-0.603505	-7.18476	1.34992	1.47303	3.45508	6.87447	-2.66426	8.67633	3.18825	
Iter 10: -6.54047	4.25157	-5.01402	3.50073	1.06544	-0.271785	-20.1285	-3.50396	-3.17057	2.70632	0.225761	-1.34085	-7.21607	7.45277	6.878	2.32725	-0.421903	-6.26808	0.688689	-1.25652	1.07987	6.43374	-5.51624	-10.5572	2.37417	2.26732	8.4427	-6.79316	1.05291	1.86026	
Iter 11: -1.00105	-2.87765	2.58741	0.681612	-1.94594	-0.955435	-0.00728425	-2.51332	-3.31168	0.445736	1.32368	1.65905	1.96334	1.88051	4.28926	1.14077	0.55879	-0.338821	1.74976	-1.33706	0.855656	0.841927	-1.90913	-2.76103	1.84537	1.0288	0.0612164	-0.763527	-3.26655	1.62398	
Iter 12: 2.94484	-11.1939	-3.07599	16.1167	-11.8915	-8.70311	-2.27086	-20.0412	14.7017	11.2596	6.53932	-4.79069	-8.94393	-5.82157	10.1872	-3.94923	0.557463	0.883576	-0.273484	20.7441	12.7178	-4.3269	-16.7181	3.0047	4.72816	-2.18344	16.8467	0.334549	-5.83978	-2.11134	
Iter 13: -6.93445	5.55301	0.445775	3.70385	-2.79658	9.06753	-7.63299	-1.19729	-4.06803	6.38361	3.46804	0.264808	1.23874	-1.71074	2.22911	-2.73185	1.51528	3.35246	-5.9381	-4.61716	2.81823	0.0197206	7.81974	10.2149	3.49691	5.23816	9.58752	-10.189	13.8046	4.22211	
Iter 14: -6.56284	-20.7428	-2.32156	10.1092	-4.98759	8.07745	3.72868	4.9048	-15.2363	2.21427	-12.3702	18.5118	10.7881	-1.83514	-3.49704	14.2101	-9.79663	-16.603	14.4529	2.89917	10.6187	-4.11824	-9.67763	-9.21265	-2.39349	-3.90519	-7.64625	-1.31617	9.26452	2.26419	
Iter 15: 4.11156	-0.813992	1.78299	5.16738	3.1272	-2.29095	-7.15229	-6.57886	3.71276	4.27755	3.48014	-3.20876	3.24387	2.15675	1.26066	-1.9055	3.50913	-3.33831	-5.59282	-3.94758	5.29565	-0.45319	-13.2128	-6.15443	2.68746	-3.11325	4.17693	2.43678	6.73147	4.11543	
Iter 16: 1.32043	4.11612	10.4064	0.158253	-10.5653	1.00891	-5.05391	-0.842667	0.719489	9.28578	4.38513	-1.25756	-8.00178	-3.14379	5.33955	-1.45621	1.2751	-7.96368	8.5925	-5.7127	-0.595225	-4.25698	0.0108424	2.6221	2.14177	-1.38286	10.3659	1.09787	11.8405	14.9774	
Iter 17: 0.00404104	0.0184842	0.0613871	-0.00219919	-0.0352776	0.0875268	-0.0353897	0.0032576	0.0671766	0.032661	0.00539188	-0.053896	-0.0864076	-0.0170218	0.0503447	-0.0463751	-0.00461272	0.0542315	-0.056898	0.074919	0.0620011	-0.00454625	-0.109754	-0.0523979	-0.0217095	-0.0636888	0.0256836	0.0628448	-0.0293549	-0.0115898	
Iter 18: -0.013918	0.00733168	-0.0589681	0.0604119	-0.108455	-0.0566859	0.1207	0.125955	0.24019	0.0161374	-0.0361258	-0.283055	0.19983	0.211721	-0.11528	-0.139483	0.138514	-0.0299179	0.0983455	0.0614054	0.00788845	-0.198367	-0.203013	0.0662042	0.175511	-0.00954347	-0.0177302	-0.124387	-0.102726	-0.29587	
Iter 19: -14.4982	-20.438	1.7981	11.9327	-2.2178	-1.53653	-18.4199	8.40806	-3.75892	-8.44175	-4.33134	0.932629	-5.51364	6.19623	-8.99612	5.94045	-10.152	-3.19219	0.682633	6.7558	9.86912	10.3477	-4.41781	11.9379	-5.6888	-3.68909	-1.68259	-7.80343	0.213918	-11.8327	
Iter 20: 8.40587	2.49656	-2.82584	15.5238	0.55923	-3.15937	-3.28463	0.746111	9.35702	-5.69927	0.100273	-14.1619	-4.23472	-0.415086	-1.45445	1.55061	16.2013	-0.356999	6.13443	13.1816	10.4542	-9.81791	-3.73008	-9.99007	4.20113	3.93792	-7.51793	-4.80297	-0.422014	-9.34762	
Iter 21: 1.06159	2.93186	-2.23303	8.14728	6.33841	-0.831701	-1.50758	-14.3793	-3.20646	-1.51887	1.29691	0.729112	-8.19802	10.7145	10.2748	3.48033	1.38798	-5.19187	-1.50382	2.64513	8.04556	-3.28854	-3.5497	2.54756	2.58514	-1.54193	6.40358	1.19193	-1.87541	-1.80005	
Iter 22: -7.48733	-2.80346	2.94068	-3.22076	-1.885	17.3167	-5.12775	9.20594	-4.02374	6.1737	-1.81651	-1.54623	-4.33203	-11.7894	5.28536	4.7644	-4.16349	2.71729	-12.54	5.76027	-5.25271	-0.924211	-5.80852	0.8712	-7.56622	6.76716	10.8976	-3.63445	12.647	0.55795	
Iter 23: 7.64956	0.502629	1.36961	4.66478	1.78585	9.28931	-8.37189	-4.98518	-1.24893	0.633527	-0.755295	7.68516	10.571	5.56005	-7.07051	0.375576	8.0498	3.67498	0.558686	-17.2497	5.09027	-5.37991	2.85291	1.7202	6.84554	-1.19423	-3.35279	-3.89033	13.3789	-2.72167	
Iter 24: -8.54991	1.12696	-3.48861	2.0053	10.9926	13.0758	-3.76833	1.82112	-10.7194	-5.11284	-14.7056	-10.7203	1.69136	4.16792	-8.5733	15.47	4.33138	-15.3934	-9.02796	11.3419	-1.47249	-6.43332	-8.3427	-10.867	-8.97279	1.75994	-3.76836	-8.15141	16.5198	1.03544	
Iter 25: -2.64989	2.75553	1.95249	2.92864	-3.11072	-3.09401	-3.58754	-3.16339	-2.62484	3.14598	1.16917	1.16385	3.47688	3.56898	2.52463	0.264803	-0.079695	-1.83345	-4.43091	0.288362	3.31539	0.164176	-1.53184	0.469375	0.282987	-0.504522	4.60304	-2.84766	-2.64808	2.5359	
Iter 26: 1.83393	-6.99928	1.05315	5.86024	3.72035	-8.51648	-7.11665	0.269977	-11.4726	-9.49721	3.07889	5.54882	-5.09996	9.35647	-5.08902	-4.24709	-0.208644	-0.148194	-1.06456	2.14544	5.05993	-4.21482	0.802143	-6.7677	0.595973	-2.81525	-2.05684	6.13431	-0.659256	-0.796837	
Iter 27: 8.03929	3.11798	-1.5513	-0.636995	-8.45514	1.12983	1.13082	-6.80856	7.6105	9.46158	-1.68527	-0.923904	4.55299	-2.18749	13.6204	10.5304	4.20295	-9.08845	-7.11	-4.38826	0.457409	-4.9352	-16.8467	-8.01992	3.64298	-0.537667	9.5422	2.42964	-1.40245	-7.03719	
Iter 28: 2.3712	-3.85018	7.26769	4.76289	1.97049	2.32985	-2.57684	3.85706	-4.49297	-2.74017	1.29843	4.97512	3.01434	-2.12405	1.00151	-2.84053	1.20375	3.95944	4.93697	5.87846	2.73708	3.82226	10.5656	13.863	4.24148	-0.371532	-6.28963	2.29299	-2.7088	7.21576	
Iter 29: -8.65998	3.18324	-8.45287	8.38742	-3.48257	-0.00595244	18.3305	16.7943	-13.7084	-0.220588	1.16143	0.00708615	-6.75868	3.54205	5.265	4.77968	0.412743	-7.83158	-15.3799	10.1684	5.24259	2.08738	-5.52603	-10.9954	2.54005	3.89099	11.7936	-6.69678	10.5284	-8.3072	
Iter 30: 0.0721658	-0.633474	0.206146	0.159459	-0.549198	-0.189215	-0.550702	-0.0446268	-0.266405	0.00121173	-0.304914	0.0990211	0.450063	0.812274	-0.0975126	0.217533	0.513978	-0.168924	-0.435604	-0.457577	0.519691	-0.0354481	-0.553363	0.648505	0.592593	-0.157108	0.565062	-0.13938	-0.453515	0.229922	
Iter 31: 0.590975	5.1294	0.136781	7.87167	-2.67395	9.12207	-8.95995	20.4659	-5.03683	-3.36557	0.371503	3.88586	-19.3601	3.95137	1.98597	-2.89277	0.064709	4.1707	-5.82057	3.62025	7.12463	-0.968254	-0.0673534	-9.40012	2.09051	-2.55194	12.1955	0.0386997	4.24342	7.97644	
Iter 32: 3.46626	-14.7594	-1.75462	8.06619	-0.910669	8.50879	-3.57654	-6.61697	0.984677	-0.046465	4.16312	5.4919	-2.39838	-4.78221	11.6077	-2.47581	-4.86731	8.60354	1.2573	-2.72105	9.1421	-7.36253	-7.92517	4.50314	-3.49245	-0.273546	-0.435441	8.94917	0.441785	-0.468757	
Iter 33: 1.03894	3.36179	-6.39308	10.5508	7.28645	-0.482036	3.19922	-15.4733	-4.08651	-1.94958	-4.5442	-1.06673	-8.45525	11.4697	-3.36796	-2.95816	1.9369	-7.06434	-10.383	2.68394	9.85007	-5.39013	-3.99922	2.68846	1.73873	-1.6486	9.8992	1.46562	-1.84505	17.9375	
Iter 34: -4.20871	-1.83541	9.96124	5.53832	-2.2696	10.9902	-15.0092	1.21591	-6.42872	-0.46202	0.304638	16.1322	-15.3365	-1.49829	5.77921	2.55539	-11.6639	1.61722	6.54969	11.3318	5.03033	9.39577	-9.61676	3.63877	3.42034	-11.5335	4.72617	3.66038	7.16406	4.64289	
Iter 35: 3.62033	-4.08529	-9.57043	-2.86175	-0.946151	0.257631	-1.31016	0.902706	6.40116	-0.32192	-4.47022	11.0335	-11.3906	-8.26279	3.59241	9.95078	-9.1328	-9.52836	2.59962	2.44432	-4.63273	-6.73717	-3.44765	4.45298	3.75179	2.43721	2.65002	9.54299	2.63133	-11.6215	
Iter 36: 10.6014	-2.79429	0.228778	-2.5226	0.506561	1.94119	-1.66342	-16.5159	6.27192	2.15657	-0.982681	9.86702	8.48568	2.57474	9.90123	9.84631	0.539873	-11.7945	-8.98849	6.52818	-1.86795	-3.4093	4.62073	-18.1629	6.51918	-2.38956	3.02009	6.82725	7.93949	-3.80388	
Iter 37: -0.0126993	0.155816	0.19938	0.0425166	-0.0893644	0.131654	-0.0524521	-0.0439122	-0.140469	-0.148821	-0.036368	-0.104766	-0.321072	0.314253	0.0755581	-0.144198	0.235294	0.0526356	0.053068	0.118528	-0.140538	0.095264	0.05971	0.00359661	0.0553343	0.0433388	0.310323	0.0750515	0.154773	0.240743	
Iter 38: -17.9404	-11.3045	1.57859	13.7934	0.807119	-7.4361	-9.00158	0.548851	-11.9655	1.18693	1.05555	3.60982	14.4159	-2.98095	-11.4204	-3.2613	-1.98629	-0.739586	-1.18531	13.2146	6.68151	-4.17969	6.81706	-2.53318	6.99289	2.81744	-5.08154	-21.9862	2.7919	-2.91072	
Iter 39: -8.06241	5.14697	-1.98747	4.53467	-1.67312	8.0862	1.03171	-7.44254	-2.07601	-2.52378	-0.826776	-6.1417	15.9041	-2.72615	13.53	1.12323	-0.468349	12.1969	-6.71781	10.6562	2.06233	-4.55893	16.6843	1.30302	0.45515	-3.52591	-7.2394	-8.05675	-15.2107	-6.79629	
Iter 40: -6.90643	-1.79243	-1.28205	-0.300877	1.70272	4.77266	-1.94851	-4.88552	-0.363348	-0.406203	0.307565	-4.16742	-4.29489	4.75322	8.9461	7.00862	-3.70285	-9.15494	-8.00038	-16.9329	-1.10064	-2.32566	2.39429	0.751933	-4.8177	6.3876	8.23382	-3.31553	12.6148	-2.66905	
Iter 41: 0.0131974	-0.00819455	0.0229228	-0.0103499	-0.00260186	-0.00920229	-0.0202828	0.00823212	-0.00607593	0.000823244	0.00795247	-0.00831293	-0.00957664	-0.0152527	-0.0118276	-0.0158456	-0.00537879	-0.00425926	-0.00461706	-0.0156772	0.017514	-0.0508997	-0.0120421	0.025689	-0.00876704	0.00487781	-0.00385596	0.00998432	0.0109905	0.0154706	
Iter 42: -4.91374	2.00803	-14.4694	-7.11534	5.59079	2.25653	-0.964747	4.19854	17.6574	2.67907	-0.425413	-1.89944	-10.6789	1.08267	14.8929	8.05106	-11.0221	-9.62646	-2.89739	-6.17667	-7.40418	-1.46676	-6.87813	-9.02712	-1.26532	7.38893	9.28248	1.36063	5.19836	-6.05001	
Iter 43: -3.54297	-11.3046	-0.432562	6.90446	6.4488	-8.00063	1.21637	-2.16156	-8.43521	4.88116	13.6101	6.42519	4.42311	-16.3584	7.97962	-2.39675	-4.68051	-0.30221	-3.90589	-0.320506	11.6972	8.65657	-0.593946	16.3023	4.48269	-12.3796	-2.92324	3.41591	13.8324	-16.1975	
Iter 44: 2.36115	6.43366	1.73749	4.36075	6.94104	7.95672	-9.24146	6.21994	-6.5801	13.8211	-2.11226	3.2113	-5.37293	-5.21361	-8.46153	-1.08209	-0.232413	5.98343	-0.540091	-0.989898	4.31071	-5.7117	-14.5837	-7.01256	0.77577	-3.10921	10.8024	6.07555	5.00839	-1.19861	
Iter 45: 2.32767	5.91257	-15.8661	-5.64213	0.732135	9.79059	1.61029	0.569007	8.24135	7.75698	-0.948885	1.13001	-7.67735	-2.98654	10.4185	3.66083	-0.631925	3.89338	-5.32548	1.22554	-3.71028	7.72074	-4.88713	2.61753	2.41387	-1.57976	11.6286	0.368043	3.70796	-10.2488	
Iter 46: -1.54737	-0.761228	-2.38139	2.34013	-11.3291	1.20465	0.762555	-4.30582	-9.06818	3.74541	0.586793	6.49952	8.62148	6.7379	11.1378	7.85069	-0.267284	-9.38786	-4.95752	-8.2816	0.695114	-4.40432	-3.71594	-9.47556	4.29394	7.17875	5.48609	-1.85802	6.85247	-5.93807	
Iter 47: 2.13348	5.11656	-18.7589	8.06855	-6.15985	1.91663	-5.78363	8.48044	-26.9663	2.98796	-2.37599	20.0779	-2.36722	1.44119	-1.35687	-2.70735	-4.71419	5.31126	10.7566	7.4095	4.81377	-6.72363	15.0329	4.26103	-6.01036	0.46074	3.15131	10.7778	-3.88192	-5.2985	
Iter 48: 2.57834	-2.27732	6.37685	4.75668	-1.62445	-0.930251	-1.45646	-2.7119	-4.79922	5.91932	0.936826	8.30347	-4.32652	-2.46434	2.74201	1.07781	-1.63034	-7.15107	4.21215	-10.931	4.00531	4.26586	-7.70355	-6.71454	4.23005	-2.2125	4.01434	4.98169	2.59578	8.27027	
Iter 49: 0.0106259	0.00230556	0.0344778	0.151551	-0.127959	0.194169	-0.146109	-0.161489	-0.0714868	-0.126472	-0.04015	-0.0764388	-0.0686514	0.0104564	0.0906537	0.133335	0.0562556	0.112882	0.0214408	0.0661266	0.24935	-0.0258413	-0.19142	0.152317	-0.0407956	-0.0101953	0.0741401	-0.0691182	0.0518747	-0.0879618	
Iter 50: -4.6073	6.06857	-3.07026	8.37196	-10.1779	9.2448	-2.71478	-0.873353	0.429349	9.7007	1.92234	2.39756	-1.55649	-2.61038	2.92077	0.207998	-5.67667	4.38189	3.04449	-5.7436	8.28591	-6.73437	-0.336777	-8.33686	0.579093	4.30813	10.089	0.376273	11.889	-5.2223	
Iter 51: -0.698621	-0.156454	0.728886	0.319294	-0.101126	0.711965	0.318602	0.885064	-0.128097	0.0927593	-0.0185479	0.0204305	0.558041	0.689197	0.571612	0.201086	-0.186301	0.208735	0.147121	0.314662	0.1042	-0.0806928	-0.812151	0.437567	0.0218007	0.227222	-0.213412	0.331959	0.428293	0.0787006	
Iter 52: -0.0870964	0.460079	-0.898798	0.0951212	-0.499523	-0.062496	-0.201749	1.76502	0.630076	0.454822	0.110216	-1.14907	-0.391085	1.29015	0.398148	0.409776	1.13225	-0.761179	0.322202	-0.300105	0.499227	-1.01876	-1.53151	1.50035	0.20048	-0.48261	1.90724	-1.21524	1.12091	-1.512	
Iter 53: -4.50509	-8.66152	-2.46435	2.1339	-5.61399	-5.06675	5.81947	-2.63851	-5.08894	-1.84644	-1.56688	2.56813	3.66305	-1.45678	-1.23795	1.49145	0.326803	-0.0447403	-2.17411	0.282296	0.177986	-9.44509	-0.451126	1.01317	4.73805	3.01298	-1.46157	-4.91711	-7.82202	-7.24429	
Iter 54: -7.35856	4.0866	3.02632	4.93613	-2.54391	7.26733	-5.4547	1.42247	-7.12585	12.134	-0.336809	-1.22704	-0.819788	-4.58131	-7.89951	-1.51994	4.13252	5.1039	3.22047	-0.126263	3.30908	-3.71493	-9.63839	-0.822549	3.08153	1.83025	8.27797	-12.1781	10.7577	-0.436818	
Iter 55: 2.2041	-5.68978	-0.13158	4.34743	2.01167	0.753864	-9.54419	-11.4704	-3.52658	-7.28691	2.75794	6.06003	-2.94548	-0.367164	2.02133	0.571048	5.77854	-7.44149	-13.4746	-2.01585	3.37385	-1.74665	-1.36839	12.5216	8.57999	-2.75595	1.59322	-5.211	15.82	1.5924	
Iter 56: -7.64999	6.6251	-7.06584	9.86665	-3.46289	9.3228	-3.24087	-8.52662	-9.40788	6.13003	4.88886	1.90669	-6.71459	1.29357	10.0696	-2.48333	-0.672885	4.54005	1.69641	-9.98253	8.86469	-3.13423	4.90287	-10.899	1.96874	3.25125	10.5399	-6.8161	11.88	-1.26141	
Iter 57: 0.771599	-1.64546	0.438836	3.71518	-1.14764	-2.1208	-3.73827	2.41589	2.10404	1.61681	2.80922	-3.38658	0.206817	2.59933	3.26832	-1.54077	3.63192	-0.397208	-0.939047	2.51823	4.29658	-0.647188	-2.93239	-5.53363	3.15237	-3.64808	2.39612	-1.85863	0.377569	-0.357827	
Iter 58: -6.37239	-1.80071	6.01474	2.09608	-9.29141	-2.61475	-1.55745	7.93984	-0.00491669	5.56108	1.79172	8.1859	-1.58719	0.231915	1.76529	-0.826898	-8.03217	-6.30001	4.97009	-4.64734	1.99687	4.54422	-11.0594	0.289513	3.05048	2.6658	4.76156	-4.03393	1.78078	8.24534	
Iter 59: 1.96357	-4.03927	-9.03906	-3.05648	-9.17422	-3.03248	-8.18114	-8.20354	-0.0383583	-4.25157	2.6035	-2.50086	2.78208	14.6356	4.66907	-2.52404	2.578	-2.48733	-7.3004	9.49052	-7.2843	1.44488	-3.893	14.4717	2.64684	0.136457	5.46592	1.98239	2.83865	1.48313	
Iter 60: -13.3063	7.40661	3.62208	9.2354	3.52491	9.11667	4.69305	-11.5413	2.82728	11.4443	1.7981	3.3716	-14.1359	-10.1355	11.3247	-0.255316	-13.2686	5.56461	10.124	-3.9583	9.24178	2.19291	7.75062	-9.90932	-0.805301	-6.55217	10.7052	-4.99395	-2.23836	2.70406	

Best Xs Fitness
2708.82
2706.53
2707.34
2706.43
2707.27
2709.23
2700.07
2706.66
2705.41
2706.74
2703.75
2708.18
2706.56
2709.31
2705.43
2706.37
2700.11
2700.31
2707.87
2706.87
2705.87
2706.35
2708.28
2708.98
2704.28
2705.99
2706.31
2706.49
2707.53
2700.86
2707.14
2705.88
2706.6
2707.15
2706.79
2707.63
2700.34
2707.24
2708.33
2706.96
2700.03
2707.7
2708.08
2706.43
2706.37
2706.74
2708.89
2705.53
2700.24
2706.29
2700.93
2701.89
2705.64
2706.46
2707.18
2706.1
2704.3
2706.63
2707.65
2707.94
