13-Dec-2018-18_03_38
 - Ran 1054.266682 sec, min 1611.35


Best Xs
Iter 01: 18.1808	-31.0313	-16.8255	15.3135	12.0228	0.587978	-13.4575	-5.0779	-1.35308	10.2414	-22.5643	-7.49213	-24.5563	5.32834	-32.5624	-8.95149	-4.3404	-20.933	-12.7063	14.4226	-7.43266	-16.9197	7.58422	7.05495	-9.85438	-7.29383	14.668	-41.2655	-17.0214	-20.3366	
Iter 02: 31.5359	-37.6717	-14.2109	-15.8303	-1.92678	0.065401	0.386559	-27.3932	0.133279	-4.77379	-20.4104	-15.708	32.367	-8.95475	-8.75371	6.98719	-8.14377	22.2187	-4.14662	22.9086	-11.2733	15.1413	21.1509	-22.5352	-1.87211	-11.2164	-8.4756	-22.2691	-15.1477	-37.418	
Iter 03: 9.33921	-29.4193	-1.88269	-49.0339	-27.1365	1.23746	-24.7337	-7.13732	-18.9956	-7.71686	-39.2965	-13.879	-6.48423	26.7203	-28.8247	-5.84764	-16.921	10.7061	13.6591	27.4436	9.19381	-7.33622	-10.137	-8.28892	-8.63318	-11.9432	20.6269	20.2926	8.6084	-29.1965	
Iter 04: 9.02189	-28.0116	-39.9612	-3.46602	25.774	-9.84433	-31.791	-8.39789	1.97912	24.8406	-12.0632	-8.79521	19.1905	-23.5485	8.71655	-24.9375	-7.42569	-9.66146	-38.5508	-15.4787	24.6787	-46.0574	-6.47465	17.152	13.5313	-3.24963	19.407	-28.9502	18.6671	-45.2767	
Iter 05: 26.6587	5.74095	-40.8813	-17.8281	2.30818	-1.94814	-7.75136	-5.65299	-57.6803	-4.90798	-20.4362	2.77113	-35.864	13.1886	-5.86672	-7.30177	0.121778	-5.40997	-8.52921	31.864	-46.0544	10.5663	28.6051	22.7843	-10.6605	-16.5109	-6.65108	30.8839	15.1508	-35.1926	
Iter 06: 3.24478	11.308	-10.0161	-2.01525	6.28225	-4.0724	18.3816	-21.1802	20.6079	-6.4782	-35.1852	6.74616	-23.8295	13.7073	5.02533	4.49046	-8.16018	9.33891	-5.7453	13.7285	31.1902	-10.8087	-8.2697	11.5831	3.4912	-3.80062	3.78659	5.01137	4.52611	-30.2112	
Iter 07: -13.2968	9.90369	-19.7267	-21.5567	13.0672	-22.8736	-6.18096	-13.4168	-7.05868	28.2774	33.6048	-7.36265	13.6789	-2.08149	-43.6297	-44.6186	5.6887	-1.45286	22.1091	3.49179	-23.4525	7.19425	-5.85768	-1.27676	-44.9295	-8.54616	17.6092	23.382	8.72788	-9.67538	
Iter 08: -0.245781	18.3455	-22.5143	7.1525	1.0975	5.29129	-6.56565	7.39194	1.81278	13.5158	-18.0838	16.4882	-6.96257	-4.85925	1.28429	-7.08037	-54.2384	-31.7892	-4.92707	31.7266	-32.3567	-4.25663	4.72284	-21.7346	-45.0923	-13.3874	-19.0776	-29.8212	-8.93021	-17.7489	
Iter 09: 12.0026	-39.8415	-12.465	-17.5427	-35.2574	-18.478	-21.3298	-8.37257	28.4172	6.68913	12.2194	-46.3785	-9.11899	16.9614	-15.8276	28.6351	-49.7285	-16.994	1.77408	16.1523	5.57912	21.7105	-18.8904	7.9635	4.44217	6.65488	-3.16813	5.16573	32.5519	-37.5042	
Iter 10: -6.30212	6.65321	-19.2551	-17.5655	-12.5234	-32.6579	-9.30855	-29.3178	-8.20021	7.54854	-22.8796	2.30921	-24.9988	-6.02557	-34.6076	-1.57252	13.5805	20.6823	39.0778	18.001	-24.3278	24.2668	-12.5424	-10.262	1.37442	28.2394	-31.9094	-27.3279	10.0104	-18.9145	
Iter 11: 1.59663	8.23584	13.9357	1.5694	-14.997	-15.4095	-2.60996	-19.2343	21.2465	10.172	-21.2091	13.5902	-16.2894	-5.37454	-30.9882	0.212477	18.2805	-13.842	8.09974	22.7751	-6.06015	-5.82786	-11.1055	8.2627	-8.08008	-6.11499	24.5441	-16.7131	0.808051	-20.9873	
Iter 12: 13.7959	9.17206	-2.8601	4.19116	-15.1401	-3.98225	8.08301	-22.8659	16.3973	11.4488	-11.7999	-6.98256	-8.02522	2.16115	-4.86492	-11.1456	-4.94972	-14.2622	-17.0565	16.6447	2.60033	-2.34002	-3.01825	-24.4688	-34.2745	-10.2952	20.9579	22.294	-6.03444	-9.59077	
Iter 13: 23.1281	-16.1692	7.51167	-38.0173	-37.803	2.03769	-42.3037	28.5407	-30.9687	34.7318	-37.9362	-13.6772	-35.1379	-29.3267	10.1161	22.8074	16.5637	-12.5903	-62.6136	22.2288	-18.8638	58.3946	22.8774	-3.92991	13.6208	-54.6551	40.4991	20.7812	-0.322894	-45.676	
Iter 14: 14.1773	-25.0847	-10.073	22.4181	0.644597	-22.4557	8.04025	-9.97984	37.5732	-0.719609	-25.5827	-19.2916	-42.3147	16.1008	-17.2539	-0.798164	-3.47277	3.62484	28.9957	19.8333	-38.8703	-11.4776	-7.90635	-4.32277	-11.7757	-0.0596607	-21.8375	-38.0722	-1.61092	-10.1721	
Iter 15: 11.0536	-17.9973	-21.7645	14.0868	-18.5852	27.2224	6.78612	-42.3828	-3.23489	-5.33204	-7.12325	36.0035	20.7548	52.4117	3.34611	-3.88375	6.78028	-29.9407	3.04709	-3.98491	-14.3455	-31.6397	3.94898	-37.1459	-23.3962	-8.44828	-0.83088	30.5877	52.7777	-6.62049	
Iter 16: 38.5936	3.84622	5.28203	-3.89447	-11.495	-2.60779	-13.6995	-7.78669	11.9693	-12.0468	2.99818	-0.833901	-13.7028	-5.00236	-55.5586	4.23776	4.53291	-19.8753	8.2353	27.4907	1.62259	5.78385	5.57508	9.07411	-1.51612	-14.3268	34.0437	-20.724	-22.0007	-21.7567	
Iter 17: -8.66521	13.8707	-21.6075	-8.77514	6.69625	-7.54163	-2.25817	-5.43422	0.946526	-10.649	-20.1277	-5.3753	-2.62373	28.6766	-47.075	-10.7562	-21.4584	10.6042	-0.264112	15.587	-12.65	-17.8078	-14.4178	-8.2807	28.1758	-1.0201	1.3742	-12.7403	18.9949	-1.8034	
Iter 18: -16.2306	-14.6104	-2.42264	-27.2048	-9.34657	3.44862	-12.1868	0.64508	34.2724	8.55826	-30.6894	-4.09177	-2.93342	3.55559	-5.51273	-7.18905	10.8337	-11.604	16.8291	19.6072	-3.14343	-11.4737	0.601497	14.7966	-1.92513	-4.33669	30.6	2.44894	10.9423	-20.489	
Iter 19: -5.14167	-0.735005	9.90962	-18.998	-24.0158	-6.85161	-30.1233	-2.94731	20.3051	8.14043	-22.9793	-10.7805	-44.3568	14.1871	-40.0493	-15.4143	22.3329	4.702	-17.6491	11.5606	2.32417	-31.7735	9.69567	-6.69172	-1.16876	-9.15732	28.74	57.5504	28.626	-10.0097	
Iter 20: -3.8291	-13.3058	-6.50635	-60.3662	-27.0619	-82.9617	12.9319	-16.8555	-15.1275	3.98289	-44.2364	1.5103	-35.2674	-8.43696	-20.2295	53.3585	34.7343	-49.4273	-50.0699	-2.14979	-5.03439	-23.2039	-20.011	-0.738591	42.7638	3.19267	-11.0515	10.644	-5.71949	-45.2766	
Iter 21: 23.4209	-12.0125	-0.781549	-16.758	-16.7663	-12.4512	-34.7795	-1.8858	12.5826	5.8558	13.9102	34.9464	-15.9927	27.0567	-35.5496	23.3674	-20.7586	3.24757	-17.3682	27.2598	-18.3591	-17.8672	0.432538	-10.314	0.146438	20.8338	13.5028	35.0352	-21.526	-16.3408	
Iter 22: 36.4988	5.17224	-6.88938	-24.4595	-3.6759	18.2804	3.42044	-24.1872	-20.227	20.1989	-36.8859	23.2683	-16.7605	-11.539	-30.179	-18.7081	4.0219	-28.4138	2.08371	18.5289	-30.8585	-20.0428	14.4071	-9.44784	11.8366	-4.50023	36.8172	5.96733	7.92915	-24.5649	
Iter 23: -12.9135	-22.9509	0.220386	5.39665	-29.2302	1.06612	12.339	-9.5449	21.3058	1.99223	-36.6039	-4.8198	-16.1683	31.7423	-8.13235	-1.62698	6.40855	-15.065	-5.63143	34.8149	-14.4116	-2.17693	5.66003	-3.90317	-3.71534	27.622	9.8366	-50.4789	12.9001	-30.5561	
Iter 24: -4.58825	16.3893	-7.9602	19.8352	-9.27291	-25.4051	-8.60167	-5.96138	15.0722	44.0339	-17.5532	-14.0473	-16.5041	-29.4741	-9.51658	12.0075	5.76433	-28.8424	17.7339	37.6831	18.7704	35.0911	0.919635	-22.1766	9.10888	-10.2367	5.14712	-25.7571	-10.8767	-12.7112	
Iter 25: 13.567	-75.8694	11.5081	-1.29833	9.57554	-2.1407	-1.15615	-38.0714	-50.6231	14.8921	-1.99737	22.8397	-42.8283	-2.21911	-27.6763	42.4764	14.6684	-22.2366	-67.1204	11.531	-15.4749	2.96262	-11.4134	-24.7112	9.25895	-5.64456	27.1733	11.6387	-5.73609	-2.90314	
Iter 26: -42.3628	-28.2227	-24.1624	-31.1886	18.6668	-6.55868	-23.9095	84.3334	-16.2654	8.39321	-29.1074	-11.1402	-37.8724	15.6563	-37.3011	49.0806	-39.0262	-7.68325	0.741358	-30.6482	-58.0651	-56.5687	-56.2893	15.6469	45.6034	-10.0012	-6.79385	-12.5414	45.2448	-60.5742	
Iter 27: 12.5776	-3.57435	-21.3736	-5.71679	-23.1473	-10.6756	-17.6197	-20.9642	38.8695	23.9559	-19.9567	-12.7309	3.51748	12.3395	-11.2806	2.04049	2.67422	-21.4674	-18.9474	20.5005	-7.42773	16.5465	-11.2759	-22.4517	4.84178	-14.3459	-2.39866	-3.51164	-14.5844	-24.903	
Iter 28: -12.8248	-66.2815	-13.6367	7.14105	9.98664	-13.6474	-1.05656	-10.4712	5.76615	24.7693	-8.6414	-5.24334	1.25728	-27.0845	-30.7879	-21.2022	-3.85055	25.8591	-11.1972	31.1426	-52.9479	-10.14	-17.6054	-12.3973	12.4982	-12.6872	-12.0365	24.9502	33.8306	1.09021	
Iter 29: 1.36804	-27.5096	-34.2138	5.65477	-0.666851	3.90528	-7.30494	-3.21269	14.5425	9.702	-21.6133	38.7073	2.88012	11.4639	-31.7638	-8.55591	1.71855	-8.17028	17.8622	17.2681	-20.3488	-21.3148	-22.2253	0.265555	-15.1097	-14.9061	-1.81555	-9.2655	-3.81427	-20.3916	
Iter 30: 12.0868	-6.1101	-3.70443	-32.4863	-44.276	-16.1523	-3.0205	8.59021	-15.8236	6.09272	1.22449	-16.9151	34.0503	6.23345	-34.0188	9.8139	10.4591	-10.5702	11.7177	12.5721	-17.0945	19.7473	3.55632	8.34244	-19.0429	-22.6738	28.4032	26.975	39.9917	-27.3883	
Iter 31: -14.1473	-26.0368	-26.1455	27.1845	-0.158742	-20.2771	-11.4629	-45.483	33.3974	-6.55535	-19.0469	43.3059	1.94743	1.98202	-42.313	-12.9302	15.4834	1.37632	-3.87953	-10.5005	4.47824	-29.9181	-18.1334	-2.65713	-5.4616	-0.394988	8.09236	0.176933	-34.0965	-8.84544	
Iter 32: -26.5292	-61.7492	5.55486	-17.7121	-25.1212	-48.779	11.4923	28.7753	-37.4797	9.9487	-35.9936	22.3954	-79.1423	5.35639	-18.058	30.2	3.66829	21.9533	6.87977	-5.4108	-24.1691	-2.06052	20.0526	34.4449	68.5899	27.0731	42.5321	-24.0847	0.363656	-17.9502	
Iter 33: 32.4177	-38.8607	-0.14053	-9.42125	-11.8225	-9.19322	-0.970157	-10.442	16.1219	9.37025	-23.0897	-29.59	-20.8817	13.9545	-15.8779	25.5916	7.70891	-14.9228	14.4616	29.6051	20.9461	-7.40041	1.86307	16.6146	-3.76162	-4.79517	5.43343	4.89083	5.51583	-35.6068	
Iter 34: -8.62021	-4.0871	-24.5382	-31.8419	-21.0739	-19.1618	7.71816	-33.8967	26.0398	13.491	-14.2819	9.78022	-23.4748	21.6739	-3.45647	-1.43082	-2.59256	1.58446	-40.4475	12.7713	-41.5503	-7.58909	19.7149	-8.14274	-35.3771	-19.3151	-6.4948	50.4178	15.9288	-38.7923	
Iter 35: 36.7144	-0.906027	1.36791	-25.69	-21.2213	-7.49185	-3.0842	-45.361	15.6723	22.8176	-11.948	26.0479	12.8504	-12.7811	-43.7169	20.9181	-11.6111	-41.1316	-18.646	-11.989	0.545902	17.3517	24.0578	16.8257	8.82632	-11.232	9.20015	31.7074	1.34602	-21.572	
Iter 36: -11.8132	-31.0993	-5.7275	-13.71	6.4242	2.56703	-15.2714	-5.40419	-4.9999	18.579	-24.9493	-1.71605	-18.3154	-10.8384	-2.13405	4.76555	-8.02124	-1.7373	-13.4867	20.6942	-9.55785	-8.46537	-6.6858	33.895	-14.1482	2.3346	19.5802	7.40883	39.1879	-31.3363	
Iter 37: -8.13863	-0.836562	-15.6102	-2.40349	-10.4878	-7.64392	-2.48584	-23.1697	9.00393	23.9432	-1.92926	17.1371	-10.858	-14.8274	-30.2284	-3.2848	-7.50548	0.99488	-10.5987	33.5565	-32.518	-4.82075	-13.6392	11.3788	-5.40747	0.365492	-25.6038	11.9233	3.74971	-27.0659	
Iter 38: 13.6799	-13.3196	-23.6925	-13.3041	-25.9652	-9.67067	-0.736925	-29.2652	10.092	-1.77212	-8.65279	9.65904	-2.30243	6.20901	-22.2557	-0.399471	-2.66934	-7.78758	-6.86822	2.85659	-1.9994	-17.6447	-7.18907	8.03064	14.6235	-17.5667	-12.014	-6.35851	-9.79335	-10.153	
Iter 39: 3.00054	-33.5049	-7.25418	15.3018	11.3158	11.4157	2.28179	-2.55479	5.86824	10.2248	-15.3969	3.96576	-30.137	6.95487	-23.1219	14.6546	-5.42214	9.88408	-13.8179	40.4564	-3.37896	17.5259	26.32	4.17306	-16.7432	-11.8592	3.18063	-6.38353	5.47709	-24.7182	
Iter 40: -7.43714	-23.5414	-25.4674	8.17212	-0.932236	-12.1202	-39.8561	1.32003	5.15742	18.084	-22.6176	-10.2747	-6.22326	-35.1475	19.6543	-1.81801	-3.91313	45.1429	40.8143	14.9243	-17.9278	-23.2485	5.49723	-1.68404	2.35224	-9.75735	2.95433	64.3845	-6.1784	18.2705	
Iter 41: 2.66926	2.27914	-13.6749	-8.85881	8.42572	30.5573	-22.15	17.9364	36.3312	6.5964	-34.5071	63.5891	26.5655	18.9455	27.92	7.23813	5.26155	-3.76761	-24.2029	26.1427	9.6205	-9.25146	-0.731326	-33.5775	30.0201	-2.8708	11.6736	8.72429	27.6024	-25.5731	
Iter 42: -3.68082	1.57031	-24.2689	3.38473	-10.0715	5.03136	17.4615	-36.4592	-8.60041	11.4593	-7.70512	10.0914	-12.7803	10.2743	-49.9952	36.5149	-12.5731	-20.9689	-3.00212	15.6598	-9.0258	-13.7912	-26.7184	16.0462	-8.21787	-15.1371	-30.5333	-43.0384	36.0621	-38.6212	
Iter 43: 28.6247	-13.9188	-13.1768	-16.4603	-24.2517	-17.3722	3.79671	-17.9657	17.6566	-10.7707	14.4766	-21.9646	-16.5702	0.171486	-13.9914	24.5864	-0.285137	-7.98429	42.4747	11.4278	-5.07476	-7.43144	9.49118	4.18525	-10.6298	10.7143	5.36022	-11.8871	-9.40325	-37.2581	
Iter 44: 12.1382	-12.8209	5.62911	-11.2983	26.5978	-9.10099	1.58504	-11.5566	18.4213	9.52801	-5.12385	1.52846	-2.68566	12.065	-34.1319	6.72393	-6.90321	-11.662	7.92667	11.1303	-5.539	-3.48704	-15.9831	-9.32793	-4.21059	-8.51518	18.5708	-0.770325	-12.0382	-16.5934	
Iter 45: 19.8695	33.6657	-9.45632	1.41071	3.87898	-17.2446	6.61996	-9.84937	-18.2297	4.24322	-17.6697	-20.1326	-11.8775	-5.68708	-47.3108	-11.4468	0.742006	-3.33644	32.2112	23.3038	-14.2904	1.6718	-7.47234	1.66049	-7.5621	-2.48507	-8.21583	27.0283	-34.5065	8.33139	
Iter 46: -4.64312	-25.3788	-9.38527	-48.1434	16.1649	-20.4261	39.4129	-59.966	-3.92776	12.4449	-25.9042	15.0593	19.7738	-15.3626	-43.5782	-18.8025	14.713	-3.64822	6.94259	-6.64049	10.1572	-15.2958	-28.053	53.9048	-0.741117	0.0233693	-17.3151	-4.36174	-17.6453	19.7561	
Iter 47: 7.53454	6.10283	-0.212623	-10.5259	-21.9572	-7.74241	-1.07852	-4.50692	13.1653	16.496	-24.8295	-1.72643	-25.3782	9.80035	-29.956	4.23547	18.8675	-28.6373	-32.0897	15.3662	-6.55629	-9.84297	-9.45689	-10.0774	8.29628	-7.32988	20.216	4.91628	10.6822	-32.6633	
Iter 48: -4.35265	-52.4333	-6.0151	9.73633	-11.6708	-1.08261	28.9239	-12.3147	13.8254	2.86995	20.3213	9.79095	-16.4043	16.7002	-47.9868	-18.4798	-24.4368	-2.09454	-9.48069	17.4377	-47.8278	-17.1269	-0.523007	0.370291	-6.86147	-14.8912	-7.62548	-12.7998	12.3631	-14.0418	
Iter 49: -15.7547	-88.1629	-0.343678	-24.7549	19.5219	-12.0026	-25.394	25.3992	11.4133	-13.409	-3.26683	24.1298	-59.5067	40.2929	-24.4761	10.6591	-34.6956	8.15984	-4.57603	27.2321	9.7651	-17.7553	-6.10156	-48.0335	-7.69038	-15.5243	60.113	17.2105	22.5508	-1.15981	
Iter 50: -30.0638	-26.5197	-37.7791	-44.9716	-27.0802	-22.8064	16.4342	-10.9193	-11.1658	-3.68341	-5.74684	8.99183	-71.1531	14.682	-34.4612	34.6957	-7.61474	-65.5284	-1.37002	21.1739	-30.5914	30.0215	-28.5013	-8.96335	-27.3086	-12.3865	-31.7911	-3.58315	17.7858	-29.6675	
Iter 51: 7.47031	-8.24929	-15.9622	13.0857	-15.7989	-5.57473	29.1163	3.93604	-27.1123	36.6465	-20.0906	-1.48172	1.40865	-8.24947	-12.3117	2.52371	-18.1055	-28.4273	17.3297	52.2396	-6.50795	44.7232	7.14711	-33.5897	-5.55406	-21.6827	-46.1276	1.93987	19.6103	5.13087	
Iter 52: -27.7201	-46.0095	16.8921	-5.60592	-19.5936	-39.7048	17.7207	-30.1936	14.8013	21.6928	-2.08652	8.08634	13.7021	15.7802	-30.7712	-2.39882	17.8937	-5.25563	24.1383	4.92641	19.0283	-7.93458	-16.4525	-28.4873	-16.9353	-14.7999	29.898	-4.45825	-23.0222	4.15912	
Iter 53: 8.05285	16.2627	-6.38069	-29.7967	-19.2395	-13.9669	12.0897	-43.3941	-17.1026	11.1437	-15.5937	-8.69689	-13.4016	6.21723	-14.2538	26.4247	4.61787	-6.09302	-2.08833	21.4949	-8.34815	-4.80213	6.47311	-6.13277	-30.7853	-23.438	-9.28633	16.5791	-18.0308	-19.0088	
Iter 54: -45.5234	10.4808	-26.719	-41.3541	0.536322	38.0348	-32.33	-41.1509	-5.37294	-0.436337	-5.51948	32.2047	-5.96159	18.9263	-62.1818	-1.53814	23.7438	-27.0864	17.3634	3.27259	-39.3337	-0.1041	29.421	2.11837	-83.09	10.6859	21.0588	53.4703	9.50363	-12.3385	
Iter 55: 0.138588	7.23192	-1.16992	-16.9631	-19.1842	1.88523	-9.41685	-45.7408	16.2407	12.8484	-26.8979	-13.7877	-25.4792	26.8513	-13.9596	-15.2181	6.36727	0.398342	-13.1973	40.2464	-7.34988	27.3067	11.6521	-15.4943	-10.1719	9.65493	18.6531	-2.59655	-14.5294	-31.9631	
Iter 56: 22.7654	1.83309	-44.5727	-5.46951	-59.2127	-63.0608	1.54382	-8.98078	64.4681	-18.3686	-16.0202	-55.9137	9.83217	43.3417	-48.155	-13.3363	6.44549	33.6041	10.1914	4.53571	-51.8692	-59.6801	8.25668	4.79297	-2.68338	-9.34385	7.7348	-58.1875	-56.1199	-40.8216	
Iter 57: -3.95738	-18.3371	-98.7783	-6.6363	-83.1529	-40.3385	7.3236	-98.3781	-77.4177	14.8437	-24.1194	-56.3774	-100.586	-14.9528	-59.6665	-17.8577	3.42261	-47.7428	-22.6486	-90.7281	-24.8547	-27.4955	10.1827	124.594	-9.38726	7.80629	32.7952	-7.08117	20.1637	13.9319	
Iter 58: 17.4153	5.56083	-19.7292	-50.5919	3.63911	6.8529	-31.4216	2.16058	3.89647	-9.94367	-18.3447	-14.8846	-35.3036	13.7742	-24.468	33.3129	-19.3674	-11.0375	-10.5739	-6.80856	2.82292	-36.8973	-26.8649	14.1914	-19.3269	-13.8354	12.1656	22.2487	20.6261	-41.7267	
Iter 59: 23.1816	6.1905	-8.65122	-0.902564	-11.3255	-13.9629	-20.7605	-9.81103	14.2942	-7.04143	-20.3537	-17.1127	23.478	39.246	-4.42886	3.08752	-3.18019	6.01157	21.5916	19.9798	-4.98985	-3.49219	-15.6492	-21.3874	-14.1766	-17.0717	-4.85965	-4.78467	-8.41018	-14.3371	
Iter 60: -6.41517	-12.3756	-28.2969	18.7107	-37.3044	-21.0928	-42.2511	-13.545	-17.6698	9.03682	18.989	-12.9695	14.2553	6.80159	-45.4636	-23.9109	-33.6003	31.2042	10.1889	-3.08099	19.4007	-3.82367	-17.9797	2.14789	29.5984	-12.6225	38.5292	-30.1389	0.384116	-8.37577	

Best Xs Fitness
1611.69
1612.55
1612.16
1612.58
1612.45
1611.99
1612.65
1612.55
1612.61
1612.45
1612.77
1612.35
1612.75
1612.22
1612.63
1612.02
1611.83
1612.67
1612.41
1612.56
1612.56
1612.51
1612.46
1612.79
1611.89
1612.84
1612.56
1612.14
1611.35
1612.57
1612.35
1612.22
1611.71
1611.7
1612.43
1612.3
1612.08
1612.49
1612.53
1612.27
1611.96
1612.3
1612.51
1612.57
1612.57
1612.2
1612.06
1612.18
1612.23
1612.02
1612.9
1612.3
1612.42
1612.38
1612.42
1612.7
1612.28
1612.3
1612.44
1612.36
