13-Dec-2018-12_37_59
 - Ran 458.792153 sec, min 264476


Best Xs
Iter 01: -28.2247	47.0102	-30.3097	4.76804	-53.3008	17.0045	-37.9954	24.7502	30.2915	39.4348	-7.69928	-66.537	-42.9233	66.3965	-55.4441	51.7431	6.35265	78.7945	-67.337	-9.05962	-61.7796	73.6805	16.7722	44.0779	50.8071	58.9451	-66.2126	-16.0786	-38.4591	47.4624	
Iter 02: -44.8664	47.029	-30.1429	4.25763	-53.048	16.0163	-37.8459	24.5411	30.1701	39.5058	-7.80587	-66.8382	-43.2133	65.7807	-55.157	51.9779	6.50889	79.3174	-67.5502	-9.04675	-62.6372	73.6268	-45.9106	44.061	50.5699	59.1035	-66.6638	-16.4299	-38.2733	47.7141	
Iter 03: -30.8058	47.2163	-30.148	4.71519	-52.7505	16.4862	-37.9174	24.4568	30.4686	39.7524	-8.13443	-66.7469	-43.422	65.9482	-55.6073	51.3174	5.95636	78.7918	-67.5088	-9.19348	-63.0454	73.6579	6.97803	43.9241	50.457	59.1718	-66.0513	-16.034	-38.1716	48.1165	
Iter 04: -19.7189	47.0768	-30.198	4.42726	-53.3975	15.8654	-37.9766	24.3237	30.2331	39.5041	-7.94639	-66.5603	-42.9817	65.9399	-54.9769	51.993	6.44105	78.8856	-67.4858	-9.14901	-62.6504	73.3319	48.5148	44.0057	50.7219	59.074	-66.6547	-16.2438	-38.4383	47.6435	
Iter 05: -28.1035	46.7595	-29.9736	4.53426	-54.0819	16.0269	-38.0702	25.0789	30.3494	40.1989	-7.73364	-66.7255	-43.3545	66.4533	-55.4915	52.1645	5.97976	79.0226	-67.3465	-9.33713	-62.8497	73.4213	13.8876	43.9008	50.8867	58.7471	-66.1162	-16.629	-37.9963	47.602	
Iter 06: -39.8661	47.2077	-29.9669	4.56074	-53.2277	17.0735	-38.1036	24.518	30.2137	39.1454	-7.92197	-66.3964	-43.3929	65.9046	-54.6473	51.6655	6.36776	79.3508	-67.17	-9.13921	-62.7006	73.1665	-26.9371	44.0851	50.8584	59.0245	-65.7651	-16.7633	-38.5905	48.0955	
Iter 07: -34.1319	47.0216	-30.1734	4.3913	-52.9264	15.9937	-37.975	24.4807	30.2645	38.9916	-7.8514	-66.3927	-43.2519	66.1027	-54.9156	52.3529	6.21255	78.8466	-67.1994	-9.02996	-62.9264	73.3031	-7.18596	43.8906	50.9394	59.0608	-66.6601	-16.3996	-37.9902	47.911	
Iter 08: -22.469	47.0113	-30.1878	4.41531	-53.3534	16.5721	-37.8937	24.7081	30.386	39.4009	-7.82338	-66.5468	-43.135	66.2232	-55.6189	52.096	5.79896	79.0242	-67.4504	-9.21343	-62.7768	73.586	37.7118	43.9605	50.8057	58.96	-66.5399	-16.0604	-37.9158	48.0052	
Iter 09: -33.5179	47.2051	-30.331	4.70665	-53.5711	16.0647	-37.8415	24.6433	30.4334	39.8196	-7.88066	-66.4824	-43.3645	66.046	-55.6905	52.2141	5.79155	78.9894	-67.4186	-9.14362	-62.5257	73.9917	-3.74143	44.0783	50.8844	59.0106	-66.1527	-15.9676	-38.3809	47.5143	
Iter 10: -31.9048	47.1954	-30.3121	4.65156	-53.4925	16.6365	-37.8575	24.5518	30.0461	39.4649	-8.06944	-66.7382	-42.9791	66.0413	-55.4048	52.7073	5.96735	78.9955	-67.3761	-9.16953	-62.3569	73.4499	3.44353	43.9627	50.7004	59.2072	-66.4581	-15.8753	-38.2095	47.7758	
Iter 11: -32.4927	46.9897	-30.2131	4.44554	-53.2866	15.9946	-37.9107	24.6033	30.3234	39.6876	-7.93966	-66.8132	-43.3653	66.0379	-55.5276	52.0878	6.05616	79.1222	-67.4925	-9.18578	-62.7994	73.7396	-0.192331	44.0088	50.6587	58.923	-66.3035	-16.072	-38.056	47.7892	
Iter 12: -35.2289	47.1828	-30.1032	4.56181	-53.0984	15.9399	-37.9096	24.5735	30.2667	39.0648	-7.86394	-66.5867	-43.4063	66.0266	-55.5252	52.4223	5.98546	78.7288	-67.5336	-8.96031	-63.0495	73.131	-10.5613	44.0736	50.6496	59.0747	-66.5758	-15.9911	-38.2596	47.7364	
Iter 13: -32.0059	46.9681	-29.7984	4.43443	-53.4366	16.3831	-37.966	24.1739	30.379	39.433	-8.00612	-66.5417	-44.0899	65.4925	-55.5535	52.0291	6.20039	79.1643	-67.3242	-8.82078	-62.6756	72.9228	2.15967	44.0343	50.6563	59.2138	-65.7772	-16.8043	-38.6512	47.5112	
Iter 14: -35.3871	47.0017	-30.1787	4.45775	-53.7607	16.1475	-37.8564	24.5502	30.1761	39.588	-7.97569	-66.6279	-43.092	66.0553	-55.1213	52.2103	6.0865	79.1766	-67.3034	-9.09776	-62.6439	73.6092	-10.1622	43.9325	50.8013	59.0002	-66.6867	-16.0291	-38.2468	47.999	
Iter 15: -31.7779	47.0805	-30.1789	4.60053	-53.3452	16.5459	-37.9355	24.5594	30.2124	39.372	-8.10056	-66.5398	-43.0262	65.8791	-55.6137	52.2739	6.10295	79.0537	-67.4584	-9.24989	-62.8837	73.6653	2.79188	43.9994	50.6088	59.0849	-66.1166	-16.1014	-38.1846	47.6778	
Iter 16: -18.6439	46.7472	-30.0942	4.52935	-52.7417	15.9787	-37.9864	24.6303	30.4736	39.3631	-7.81166	-66.571	-42.7547	66.1898	-55.1514	52.0637	6.1956	78.8184	-67.6192	-9.14917	-62.5331	73.7636	52.7069	44.0623	50.7584	58.8378	-66.7307	-16.3859	-38.4151	47.7295	
Iter 17: -29.7907	47.1863	-30.2893	4.67939	-53.4395	16.3816	-37.8109	24.2893	30.2221	39.7901	-7.99445	-66.5772	-43.2027	66.0058	-55.2939	52.2274	6.22109	79.2321	-67.4277	-9.15826	-63.0698	73.6572	9.26661	43.9722	50.6298	58.9903	-66.1244	-16.0022	-38.3318	47.624	
Iter 18: -35.4217	47.1425	-30.2335	4.69761	-53.2483	16.0734	-37.9613	24.5818	30.3168	39.2773	-8.00152	-66.5412	-43.0464	66.1605	-55.5673	52.0433	6.16221	79.2958	-67.6393	-9.19634	-62.7501	73.8518	-10.7414	44.035	50.7392	59.0012	-66.3532	-15.7901	-37.9164	47.6428	
Iter 19: -31.6107	46.9868	-30.0817	4.65886	-53.3998	15.8781	-37.965	24.7574	30.58	39.8504	-7.77034	-66.6593	-43.5098	66.0509	-54.9519	51.5283	6.0434	79.2326	-67.4475	-9.20959	-62.4534	73.8419	4.91852	44.1208	50.7448	58.9723	-66.3297	-15.8839	-38.2831	48.042	
Iter 20: -28.3329	47.0199	-30.1244	4.45508	-52.967	16.7583	-37.8682	24.6556	30.306	39.7951	-7.96937	-66.6152	-43.3375	66.07	-55.5735	52.0145	5.98271	79.3892	-67.3359	-9.11697	-62.726	73.7649	14.0696	44.1119	50.7473	58.9626	-66.1654	-16.1461	-38.511	48.0711	
Iter 21: -26.4135	46.9355	-30.2875	4.45383	-53.0197	16.1992	-37.9111	24.9	30.3709	39.6063	-7.79809	-66.6657	-43.2457	66.3145	-55.2713	51.8042	6.12601	79.1927	-67.1943	-9.28682	-62.8527	73.6782	21.7363	44.063	50.81	59.0204	-66.3028	-16.1958	-38.5993	47.7821	
Iter 22: -44.5289	47.5517	-30.2269	4.40442	-53.0975	15.8985	-37.9934	24.0648	30.4934	39.5005	-8.21296	-66.3875	-42.84	65.7124	-55.3379	51.7432	6.27533	78.8993	-67.0897	-8.67649	-62.4345	73.4444	-43.8989	43.9874	50.7101	59.3754	-66.0599	-16.0415	-38.153	47.9991	
Iter 23: -34.7807	47.0304	-29.8242	4.46206	-53.3478	15.709	-38.0881	24.8221	30.5459	39.0028	-7.82757	-66.3969	-43.5491	66.2964	-55.4104	51.3229	5.70376	79.856	-67.6913	-9.23848	-62.2226	73.5822	-9.6476	43.9199	50.7562	58.7556	-66.0493	-16.544	-37.9229	47.7839	
Iter 24: -37.3257	47.065	-30.0898	4.47291	-52.213	16.6553	-37.8735	24.4508	30.2964	39.9302	-8.10835	-66.5583	-42.8463	66.1009	-55.3422	51.6493	6.15741	79.2768	-66.9935	-9.27541	-62.7709	73.9337	-18.3951	44.0983	50.7565	58.7331	-66.3605	-16.103	-38.06	48.8767	
Iter 25: -28.6994	46.8506	-30.3478	4.71986	-53.0413	16.1581	-37.8961	24.3126	30.1507	39.668	-7.69733	-66.9122	-42.4954	65.9337	-55.4879	52.6574	6.10549	78.9878	-67.909	-9.28234	-63.0829	72.5914	12.9789	43.6098	50.1979	58.8141	-65.8048	-15.3421	-38.7031	47.6933	
Iter 26: -25.3319	46.7611	-30.4618	4.51661	-53.3636	15.6937	-37.7835	24.5535	30.3006	39.9194	-7.62495	-66.683	-43.165	66.2445	-55.2803	52.1338	5.97446	79.0275	-67.3003	-9.12023	-62.4802	73.2254	27.1087	44.0032	50.8434	58.9997	-66.3266	-15.4886	-38.3553	47.8251	
Iter 27: -32.0651	47.1682	-30.2418	4.64252	-53.2187	16.1219	-37.9139	24.5682	30.3954	39.4235	-7.91656	-66.5539	-43.3493	66.1094	-55.3288	52.027	6.06542	79.5878	-67.2705	-9.15502	-62.5105	73.912	3.09771	44.088	50.7092	59.1429	-66.4768	-15.9179	-38.2689	47.746	
Iter 28: -31.2744	47.2218	-30.259	4.54067	-53.4011	16.7256	-37.8108	24.4556	30.5414	39.392	-7.93873	-66.6585	-42.9255	66.1006	-55.244	51.4256	5.86429	79.5049	-67.4755	-9.24941	-63.137	73.7129	5.43108	44.0143	50.775	59.2215	-66.7345	-15.5186	-38.3404	47.4845	
Iter 29: -31.1359	47.1097	-30.2559	4.51979	-53.4425	16.2621	-37.9608	24.6931	30.2591	39.5631	-7.97595	-66.5613	-43.0927	66.0577	-55.7275	52.3125	6.01788	79.2555	-67.4185	-9.18058	-62.9159	73.8022	4.94963	43.9913	50.6849	58.9353	-66.3698	-15.9223	-38.2163	47.9574	
Iter 30: -29.4636	46.9765	-30.1925	4.33168	-53.1987	16.2431	-37.8992	24.5363	30.4524	39.403	-7.91811	-66.4537	-43.2641	65.925	-55.6809	52.0806	5.74759	78.4243	-67.5799	-9.08759	-62.5272	73.3362	9.91678	44.0059	50.6289	58.973	-66.435	-15.9174	-38.4517	47.9731	
Iter 31: -31.7565	46.8528	-30.2116	4.67273	-53.5328	16.0305	-38.0309	24.6939	30.3777	39.6796	-7.70552	-66.4709	-43.2483	66.2529	-55.281	51.7655	6.73897	78.8588	-67.3767	-9.02565	-62.6984	73.2355	3.55597	43.9922	50.9078	59.0033	-66.1596	-16.3533	-38.4094	47.8777	
Iter 32: -29.1402	47.0026	-30.0647	4.39444	-53.4183	16.7406	-38.0342	24.4782	30.4568	39.4025	-8.21219	-66.8018	-42.414	65.8059	-55.4757	51.7413	5.90295	78.7259	-67.5005	-9.16368	-62.4109	73.8591	12.4746	43.8634	50.6918	58.9988	-65.7924	-16.3941	-37.8441	47.6972	
Iter 33: -38.0968	46.7912	-30.2313	4.32028	-53.1388	16.027	-37.9232	24.509	30.3741	39.1326	-7.96497	-66.6454	-43.6593	66.1276	-54.9821	51.868	6.18109	78.477	-67.253	-9.10929	-62.3601	73.8186	-19.8202	43.9681	50.6453	58.8916	-65.9265	-16.1583	-38.4292	47.6163	
Iter 34: -23.584	46.9954	-30.0475	4.61251	-53.4498	15.8145	-37.8444	24.7876	30.1211	39.9516	-7.84222	-66.5304	-43.353	66.3074	-55.8457	52.3327	6.00577	78.5832	-67.4405	-9.27747	-62.6091	73.7687	32.9192	43.965	50.8914	58.9689	-66.5738	-16.2574	-38.2442	47.3463	
Iter 35: -33.1643	46.7634	-30.3266	4.34769	-53.3579	16.5341	-37.924	24.5164	30.3123	39.8457	-7.79205	-66.571	-43.5832	66.105	-55.6086	52.1085	5.90532	78.3436	-67.1778	-9.17623	-62.2955	73.4876	-2.36525	44.0749	50.7884	58.8686	-66.5272	-15.608	-38.635	47.4056	
Iter 36: -23.0614	46.9948	-30.1618	4.57119	-53.3289	16.6348	-37.9534	24.5599	30.3323	40.0205	-7.9485	-66.6523	-43.3465	66.0528	-55.6037	52.1064	6.00983	79.1389	-67.4171	-9.15556	-62.5724	73.2914	34.688	43.9874	50.7494	59.067	-66.2753	-15.9099	-38.7022	47.9133	
Iter 37: -31.7908	47.1871	-30.3574	4.65157	-52.9689	16.0795	-37.8789	24.6495	30.3211	39.7619	-8.11946	-66.7173	-43.3939	66.0918	-55.4115	52.0009	6.03259	79.4213	-67.3737	-9.23347	-62.946	72.9573	3.23105	44.0113	50.9867	59.0683	-66.6411	-15.7696	-38.1518	47.4841	
Iter 38: -31.5279	47.0206	-29.9885	4.62952	-53.233	16.617	-38.0998	24.7508	30.3876	39.846	-7.67657	-66.3893	-43.3126	66.2414	-55.7346	51.8859	6.14562	79.086	-67.6146	-9.1929	-62.3271	73.7778	3.16115	44.0269	50.8524	59.0423	-66.6772	-16.4438	-37.8271	47.7884	
Iter 39: -35.4643	46.9175	-30.284	4.42848	-53.0643	16.0361	-37.9686	24.7082	30.2676	39.2997	-7.80363	-66.5221	-42.8893	66.2759	-55.5926	52.6197	6.06139	79.3297	-67.0691	-9.14896	-62.6097	73.2016	-11.4217	43.9217	50.9579	58.9464	-66.678	-15.8927	-38.5701	47.6313	
Iter 40: -29.4318	47.1273	-30.1399	4.53787	-52.3963	15.968	-37.9478	24.6567	30.4572	39.3901	-7.91955	-66.7035	-42.9776	66.2742	-55.6024	51.7363	6.51937	78.8874	-67.3533	-9.12168	-62.5293	73.4949	11.7747	44.1213	50.6153	59.0471	-65.7773	-16.2046	-38.0652	47.6762	
Iter 41: -24.9114	46.865	-30.384	4.19058	-53.8127	16.1607	-37.733	24.4999	30.1913	38.6538	-8.31263	-66.7745	-43.095	65.4962	-55.3239	52.2264	5.78704	79.5005	-67.0871	-9.10736	-62.2811	73.4737	27.1357	44.2985	50.4737	59.0836	-66.5025	-15.6591	-38.1141	48.0658	
Iter 42: -31.0218	47.1108	-30.2384	4.5007	-53.4986	16.11	-37.9052	24.6911	30.2746	39.5418	-7.90872	-66.5821	-43.2259	66.0963	-55.5097	52.1	6.37959	79.2336	-67.5046	-9.20486	-62.4132	73.9385	6.04609	43.9895	50.6941	59.0239	-66.5075	-16.1983	-38.4133	47.6892	
Iter 43: -33.2655	46.7607	-30.7759	4.72129	-52.5926	16.2635	-37.7217	24.3614	30.1518	38.7595	-8.36024	-67.11	-43.3644	65.7638	-55.9711	52.5141	6.16376	78.9944	-67.3282	-9.00606	-62.3096	73.4166	-0.262653	44.0607	50.7925	59.1629	-66.0702	-14.8969	-37.8073	47.9425	
Iter 44: -32.4142	46.9525	-30.1848	4.29587	-53.3917	15.9455	-37.9083	24.7051	30.5502	40.0005	-7.60786	-66.551	-43.6885	66.25	-55.7797	51.31	6.21551	79.5706	-67.2552	-9.28205	-63	73.1906	1.2129	44.0979	50.8774	58.8978	-65.8526	-16.3729	-38.1419	47.6031	
Iter 45: -29.5661	47.0955	-30.3735	4.34053	-53.1112	16.3316	-37.9073	24.6725	30.1681	39.3164	-7.99236	-66.521	-43.4203	66.166	-55.2874	52.2903	6.27835	79.0246	-67.5093	-9.27566	-62.6331	73.5104	10.2299	43.8673	50.6155	58.9213	-66.659	-15.819	-38.487	47.6231	
Iter 46: -28.2401	47.1487	-30.1524	4.62176	-53.3057	16.17	-37.9597	24.5525	30.2716	39.7427	-7.9529	-66.6425	-43.3868	66.0101	-55.6045	52.2993	6.08841	79.2637	-67.5109	-9.13272	-62.9976	73.9943	16.7523	43.9622	50.7816	59.0478	-66.3109	-16.1131	-38.3678	47.8701	
Iter 47: -38.3568	47.0937	-29.89	4.67252	-53.4573	16.8995	-37.8897	24.5723	30.5634	40.2361	-7.63945	-66.7464	-42.6228	66.349	-55.7896	51.6042	6.38971	78.8181	-67.4726	-9.02064	-63.1403	73.3214	-19.4819	44.0919	51.2197	59.2726	-66.6653	-16.3044	-38.4613	48.3368	
Iter 48: -26.4181	47.0962	-30.3652	4.46538	-53.2431	16.3829	-37.6791	24.6435	30.3921	39.8654	-7.98162	-66.5702	-43.3083	65.9126	-55.7042	51.8343	5.83152	79.1245	-67.5161	-9.19402	-62.5794	73.6986	22.8235	44.0293	50.6046	59.067	-66.3624	-15.5542	-38.0624	48.33	
Iter 49: -22.286	47.141	-30.2011	4.38509	-53.0632	16.1166	-37.9108	24.6917	30.3937	39.4869	-7.84798	-66.6321	-42.8047	66.1433	-55.5286	51.8634	6.18601	78.847	-67.3938	-9.24097	-62.2751	73.6266	38.5142	44.007	50.7223	58.963	-66.4271	-15.9709	-38.626	48.1284	
Iter 50: -32.0617	47.2287	-30.3135	4.50206	-53.3869	16.1646	-37.7895	24.2725	30.2201	39.6838	-8.2123	-66.5781	-43.0737	65.7476	-55.0374	52.1224	5.78919	78.7568	-67.18	-9.11561	-62.7581	73.7591	2.46331	43.8765	50.7782	59.0723	-65.9941	-15.5277	-38.0913	47.4719	
Iter 51: -29.6377	47.0536	-30.2829	4.4388	-53.0023	16.2628	-38.0234	24.8143	30.317	39.6029	-7.79696	-66.2943	-43.3314	66.1531	-55.7926	51.9694	6.16388	78.8797	-67.4884	-9.13909	-62.4431	74.0911	10.9267	44.0316	50.8548	59.0608	-66.0927	-16.389	-37.8231	48.2603	
Iter 52: -28.5747	47.05	-30.26	4.54143	-53.1509	16.2505	-37.985	24.5674	30.3418	39.9219	-7.84103	-66.6947	-43.8018	66.118	-55.3686	51.8927	5.98419	79.4393	-67.5536	-9.1589	-62.6102	73.5299	15.6487	43.9714	50.7183	59.1282	-66.5611	-15.9282	-38.7663	47.9302	
Iter 53: -36.9899	47.0404	-30.1922	4.48835	-53.3279	16.1455	-37.8966	24.7724	30.2567	39.703	-7.80185	-66.519	-43.0737	66.3009	-55.4977	52.2001	5.99259	79.2732	-67.5353	-9.26267	-62.5758	73.9174	-15.9807	43.9671	50.8301	58.9521	-66.3688	-16.0416	-38.4822	47.7824	
Iter 54: -30.1786	47.1565	-30.4338	4.34177	-53.2919	16.1384	-37.8464	24.3533	30.174	39.2933	-8.29972	-66.6411	-42.9996	65.6359	-55.6229	52.138	5.98615	78.535	-67.5978	-9.0774	-63.0069	73.4434	9.28931	43.9958	50.5631	59.0865	-66.0874	-15.5838	-38.8301	47.8542	
Iter 55: -23.6574	47.0353	-30.0002	4.38967	-53.1717	15.976	-38.126	24.8976	30.0614	39.5711	-7.78426	-66.4489	-43.3483	66.1876	-56.1697	52.2755	6.20064	78.7949	-67.2233	-9.14804	-62.6596	73.6225	30.0093	43.9283	50.8654	58.9676	-66.3302	-16.536	-38.087	47.8152	
Iter 56: -32.9683	46.7477	-30.366	4.34585	-52.9592	16.2186	-37.84	24.7928	30.2186	39.0686	-7.74522	-66.4856	-42.7646	66.3124	-55.3943	51.8424	6.15696	78.633	-67.4575	-9.04902	-62.5035	73.213	-1.81747	43.9679	50.8769	58.9642	-65.9173	-15.6463	-38.3045	48.042	
Iter 57: -25.9213	46.9238	-30.1333	4.51689	-52.9878	16.9761	-37.9822	24.7133	30.3315	39.8584	-7.76832	-66.5765	-43.5109	66.1359	-55.0312	51.715	6.20579	79.0667	-67.2988	-9.29223	-62.6441	73.9056	23.4169	44.0039	51.0308	59.002	-66.6103	-16.3046	-38.4818	47.7118	
Iter 58: -27.531	47.1702	-30.2649	4.50632	-52.9832	16.2636	-37.8599	24.6229	30.4029	39.1795	-7.91455	-66.632	-43.1765	66.0086	-55.9107	51.8672	5.8507	79.2975	-67.4791	-9.14543	-62.6905	73.2527	19.1727	44.072	50.6094	59.0689	-66.2285	-15.7688	-38.2256	48.2072	
Iter 59: -29.7471	47.0969	-30.2062	4.60779	-53.0213	16.3467	-37.925	24.6005	30.2605	39.7673	-7.89649	-66.5883	-43.0573	66.1336	-55.8062	52.2012	5.99995	79.347	-67.3605	-9.15397	-62.4445	73.9091	9.7505	43.9838	50.8775	59.133	-66.1768	-15.9979	-38.3567	47.5171	
Iter 60: -22.4845	46.9906	-30.2275	4.4069	-53.3664	16.0454	-37.9331	24.6994	30.2944	39.1854	-7.91873	-66.4816	-43.066	66.2049	-55.9238	51.913	6.14078	78.9133	-67.3532	-9.29448	-62.837	73.3899	36.6447	44.0058	50.9168	58.7332	-66.4554	-15.8884	-38.5487	47.9961	

Best Xs Fitness
3.56356e+06
2.02682e+06
2.56223e+06
2.12e+06
3.39718e+06
4.45711e+06
3.10923e+06
998485
1.26718e+06
1.90258e+06
746420
2.32753e+06
4.35887e+06
880222
1.03069e+06
2.6112e+06
1.06206e+06
1.09088e+06
1.87416e+06
1.13e+06
1.31701e+06
3.97923e+06
4.33619e+06
4.13539e+06
6.6624e+06
2.24765e+06
897642
2.28953e+06
369736
2.38234e+06
2.04769e+06
3.87935e+06
3.18754e+06
2.00384e+06
2.93626e+06
1.11753e+06
2.06437e+06
1.76513e+06
2.24998e+06
3.56637e+06
4.46395e+06
647696
6.88834e+06
2.90993e+06
1.44332e+06
264476
3.69366e+06
1.31114e+06
1.68235e+06
2.61436e+06
1.94681e+06
1.06751e+06
504593
2.70744e+06
2.80654e+06
3.4146e+06
2.20038e+06
1.66863e+06
1.14237e+06
1.52135e+06
