13-Dec-2018-18_03_38
 - Ran 930.299509 sec, min 3116.96


Best Xs
Iter 01: -24.8788	95.5406	-7.36232	-6.05255	-33.4486	-46.5216	-56.7568	41.9214	6.89999	73.8699	-7.57098	54.0276	-69.6578	-52.9505	40.2738	0.248778	-48.8033	-51.7634	27.4753	-46.434	8.49269	-9.32559	-2.89621	-22.8028	72.4374	44.7821	19.9481	15.8485	55.9518	0.930259	
Iter 02: 5.06965	21.6883	-6.05731	-40.6502	-26.9106	-6.58164	-17.5055	27.0538	-1.94761	61.0765	-46.2049	24.6445	-55.6785	-40.063	44.5709	-38.7708	90.7112	-82.5598	101.098	-34.0857	-0.501418	-12.9278	54.2538	-21.5996	89.5722	16.3978	60.9709	42.2659	1.34187	-79.2397	
Iter 03: -16.739	-60.5238	-14.4245	42.2444	-1.1527	142.884	21.8714	85.8584	71.6013	-15.3938	0.513144	-4.05179	24.5641	12.3274	-28.4751	-28.6643	8.61892	26.8957	-15.9014	-40.3654	-29.0451	76.0696	-41.5031	29.005	-42.0253	-62.363	33.6586	-10.6196	50.6534	-30.1927	
Iter 04: -40.0238	-4.75015	-20.7734	60.9885	-54.2563	57.8212	43.3116	38.604	-29.6004	-9.87824	-10.8505	4.28063	-54.3468	46.774	-71.1176	-56.9061	-24.8903	-23.6612	-92.3543	23.4347	-0.525738	52.839	50.8381	-6.32403	-43.9842	-54.0814	-53.0151	17.5278	-44.4194	-14.9881	
Iter 05: -7.91279	59.8915	8.72067	-34.3005	-8.54824	-57.3279	-69.4922	37.9271	-30.9351	44.5658	5.03886	61.4576	-59.1299	-44.5124	75.6528	27.9358	-17.1484	-41.1439	41.4755	-11.0401	-10.7113	-41.0331	7.03253	-24.3021	74.9891	11.821	15.7017	-19.2137	35.9102	9.21166	
Iter 06: 69.1095	-30.8963	60.0459	40.111	17.5129	81.1146	-33.797	9.60656	21.6641	9.26007	-32.6999	71.9428	81.4046	29.4007	28.819	-71.6359	-24.7619	-24.3072	16.4688	13.3775	-49.8853	-23.4888	-37.9343	-12.9886	-101.756	-42.5979	-8.08432	5.46301	-48.9044	-25.3322	
Iter 07: -8.93652	-44.2057	17.3078	-22.9598	-17.6198	-65.1089	-63.4795	35.323	2.91253	94.4408	-16.9697	36.2855	-71.5049	-45.1459	52.9198	26.1853	-43.6446	-47.6657	69.076	-99.4885	-18.0366	-35.0773	64.0622	-18.2587	10.5435	32.4246	35.1935	19.1932	-18.5232	-2.34017	
Iter 08: -25.0293	46.44	-19.4969	-34.2544	-16.4468	-54.2431	-75.1089	27.5007	38.3359	60.6092	17.3585	64.3887	-55.103	-39.7094	63.989	9.68273	-34.9786	-33.453	41.872	-15.3719	-1.94982	-28.8571	34.0104	-28.7309	68.8123	-12.9739	13.8454	16.9351	61.2813	11.661	
Iter 09: -9.44163	55.5209	-39.324	16.1924	-58.7847	53.0672	47.931	5.50935	48.5606	-52.0683	-8.90554	44.0949	-6.82132	-20.6445	-15.3378	-83.9237	-55.8886	30.9914	-24.4093	-38.6001	-63.1589	-13.2619	-6.99566	-21.4366	-23.6223	25.6773	-63.3798	-57.65	-76.6126	-5.21789	
Iter 10: -1.03245	30.336	-44.1762	-45.6412	2.33844	-64.2595	-65.7381	32.916	38.6773	63.6482	-4.77826	52.9203	-44.894	-38.1573	68.7453	21.9864	-21.1709	-54.6916	28.5709	-33.5068	1.46471	-69.1243	30.0944	-50.4227	43.928	26.4729	18.0235	-5.81361	41.1314	6.9499	
Iter 11: 59.3879	-12.3133	-43.7554	-44.693	10.7649	-39.5534	-96.0241	-6.03116	-22.8317	-11.4026	-45.5082	67.1122	68.0013	-72.7274	82.8357	-35.254	-40.9437	-16.849	-18.2613	-53.0329	-11.3937	-1.35447	2.10241	-37.9354	108.27	36.6488	27.3071	-10.8155	39.2378	-51.891	
Iter 12: -10.6563	79.9692	-33.0788	-26.2329	-18.5269	-34.0667	-48.8354	24.5813	-18.4097	68.7178	-13.9936	60.3064	-73.7946	-51.9946	42.825	-14.4095	-0.58775	-19.3368	54.0447	-18.9226	19.9911	-61.7024	41.2267	-48.0492	50.0611	6.70401	15.745	15.6852	30.9071	17.7548	
Iter 13: -25.9827	-14.8061	10.9894	-52.3972	-1.5444	-35.8637	-84.4407	5.55231	-58.5393	2.13702	-34.832	10.7645	-61.9373	-44.7678	54.6288	6.03359	21.4206	-38.7626	73.3033	-28.8504	-41.5226	-21.2293	70.1391	-28.1305	88.4349	23.7667	40.8923	17.1333	105.753	2.97713	
Iter 14: -22.9512	-44.4816	-46.4237	34.271	-59.5483	60.5274	22.3018	22.149	45.3029	29.4655	-0.511539	21.6131	-82.2933	18.4038	-37.4898	-46.3537	3.41599	19.3797	-2.67598	38.008	-11.3113	35.6652	-18.0635	48.2979	-33.9157	-15.3741	-36.0129	72.4138	-26.791	-42.718	
Iter 15: 16.9546	77.8613	-36.8438	9.6196	13.5765	85.88	52.2752	-46.8878	61.6815	36.7786	51.5828	-37.4265	-69.7842	-1.7933	-2.03393	-47.3559	-1.48591	19.8076	-52.8263	26.4359	-22.7479	62.2995	-21.0857	55.5287	-80.4198	-47.967	-63.9964	-10.6823	-14.847	-24.6324	
Iter 16: -49.7742	28.5913	8.97974	-15.1372	22.6824	-101.421	9.4003	-56.1652	-120.79	-0.270688	-87.2144	-33.367	-40.8478	-51.3135	10.6443	74.3439	-8.75677	-115.458	49.679	-12.1843	-66.16	-52.5081	126.576	-27.9473	82.6821	29.251	31.9373	67.8122	-3.20023	71.4795	
Iter 17: -53.1272	70.3561	-36.0156	6.24037	-42.7965	91.0035	54.4991	-33.5892	47.2265	-32.4306	-7.94866	-35.4978	6.15667	74.0495	35.5509	-34.8545	-79.3786	26.2321	-87.9339	45.6872	-32.2436	54.9661	-25.1407	28.7474	-36.7334	-44.3764	-61.1075	-14.4119	-8.40867	34.2538	
Iter 18: 8.413	50.2016	-6.22976	-3.97089	-87.025	-38.0638	-87.5286	66.545	-53.6039	64.9904	-2.00984	9.60784	-73.1124	-72.4956	39.2618	7.11974	12.2763	-53.1746	28.7905	-12.8802	-31.7852	-32.1478	46.1843	-13.5356	80.1575	9.4797	27.1795	37.5567	25.0443	18.6844	
Iter 19: 38.4363	-35.6846	-57.6847	38.0308	-45.4245	79.6366	-60.7933	-61.2322	69.1677	35.0268	34.1931	67.9918	-26.1315	11.8699	-66.5245	-49.8124	45.1709	48.7604	-40.026	-22.2834	-5.83065	-6.60603	-25.8474	83.1681	-42.2889	17.0569	24.395	-16.5493	-45.0023	-40.8667	
Iter 20: -45.9276	-158.778	-47.8312	-94.3994	-73.7029	-116.586	86.7164	49.325	-106.331	69.0484	119.268	23.9312	-154.728	83.0502	160.876	74.8322	-56.9265	-208.28	184.711	-73.6012	-25.4089	-34.6771	72.449	-106.357	207.72	-96.766	59.5094	145.59	35.1637	-74.1783	
Iter 21: -2.43952	12.7675	-31.0185	2.63109	-6.78715	53.4528	89.0149	73.3616	54.7596	30.0566	58.4959	20.0037	-59.2381	-30.964	-40.5555	-26.112	-4.53064	-41.6964	23.784	-36.593	-41.3839	26.0297	3.48483	14.6977	-72.7179	23.8318	-78.7422	-32.8419	-25.963	-58.6391	
Iter 22: 27.3429	-14.3872	-32.2176	76.4076	45.0799	54.2007	34.8443	-21.7307	77.7285	23.9523	42.5285	-12.2415	-3.35811	40.0518	-37.0259	35.8309	-31.2212	24.5624	44.9872	-70.0609	-0.90342	54.6948	38.0014	-0.845399	-81.2826	30.0669	-11.1603	-52.0264	-74.8614	-67.2192	
Iter 23: -16.0081	19.3619	-42.8252	-53.0147	-6.75987	-65.9603	-64.2228	44.2936	1.16033	84.5289	-39.1292	45.2808	-66.6701	-91.864	110.799	55.3968	39.3995	5.69456	49.891	-28.5504	-6.60952	-30.7488	-52.4041	-9.18592	77.6062	21.7361	26.4956	-8.68384	32.6793	9.24633	
Iter 24: -5.3779	43.3153	-13.7553	-27.9291	-15.6108	-55.2814	-68.2578	-4.6035	-18.535	64.3179	-32.6205	27.9992	-21.2506	-26.469	64.5867	-2.02952	-36.9276	-53.8869	97.4174	-13.1653	20.3961	-50.6429	17.0155	-37.2773	70.1878	-31.3633	51.6621	3.73854	58.7351	-69.7434	
Iter 25: 31.8205	72.7459	-34.8404	-4.6513	23.3037	3.5511	-41.8146	33.9834	-93.8945	52.0033	-7.93419	19.3435	-72.612	-44.3033	30.9968	-4.36271	35.9017	-48.8267	-13.006	-16.166	-45.5893	-57.9713	48.0471	-27.9901	72.9186	10.3774	-18.1278	22.1805	49.1325	-38.4821	
Iter 26: -20.847	-24.5287	-21.0727	-27.2339	-37.0292	107.68	-29.2644	-12.4085	50.2271	31.275	54.8286	64.8154	-20.1727	103.214	-41.4409	-29.9788	9.62682	-31.4938	-79.572	-19.5396	56.5589	63.8675	-35.1841	35.6802	-42.8053	33.5509	-1.99068	-8.99092	8.18746	-40.1557	
Iter 27: 0.918861	57.311	-22.6467	-23.8896	-31.2248	-52.5895	-60.3375	32.5861	-28.6908	46.4854	1.65733	57.8473	-38.6756	-55.9683	50.4563	9.18171	-30.3817	-18.6754	56.2051	-37.0088	-3.49499	-46.0501	53.6481	-31.8961	85.167	5.2847	16.3492	15.1425	26.3557	20.5424	
Iter 28: -13.9613	66.2846	-53.9306	-15.3026	-13.363	-31.1339	-58.5476	3.53996	-46.8216	64.6316	1.80274	61.6351	-30.0266	-42.0528	62.9606	18.1168	13.1425	21.4167	52.3854	-33.0663	-18.4581	-62.3709	19.0299	-28.1617	63.2582	17.7978	24.4579	2.31365	20.5635	-0.844298	
Iter 29: 1.58246	68.0973	-30.5444	-30.4093	-9.92531	-49.1761	-61.9179	24.1874	-4.39931	79.8488	-24.4945	54.6758	-65.8615	-38.5429	49.613	-24.8277	-37.7654	-57.4677	27.9474	-33.1099	42.3711	-43.2347	50.427	-32.2016	59.9101	1.43681	26.0435	24.1963	48.01	-16.0797	
Iter 30: 101.303	-23.7822	-35.7222	45.6191	40.667	44.1248	93.2403	61.3735	73.8882	-2.10199	-13.7337	19.6785	-4.82207	11.5906	-17.0695	-78.3404	-1.98482	55.4119	-53.692	-12.4695	-9.6922	39.1693	-29.7117	47.8966	12.6121	27.3452	-60.2338	-12.0111	-77.3824	-25.2649	
Iter 31: -90.8007	-248.949	-54.7031	-112.805	174.704	-390.988	-193.882	140.237	-351.554	-308.097	44.7299	-211.671	160.07	-98.9264	123.582	-95.7048	113.617	234.473	242.005	71.4592	359.639	293.892	-403.522	-392.313	427.298	26.4657	53.3972	317.637	33.2724	-372.164	
Iter 32: 61.3243	10.6971	-59.542	62.0483	-17.3506	80.9338	41.6104	-65.3242	61.4731	47.4905	82.4797	-66.6558	-23.6544	-12.9656	-6.24901	11.2249	-5.76762	14.746	-67.3384	-15.3447	6.86951	-5.48866	40.4442	65.1758	17.1683	-22.9401	-21.2426	-69.6753	-32.3796	-48.1732	
Iter 33: -14.6362	17.5371	-17.7106	-28.4764	-10.6821	-53.5957	-59.0147	-1.69991	-28.2066	8.51052	-37.2751	63.1177	-9.0299	-37.8332	77.8073	14.9901	-4.89781	-41.3272	54.3952	-0.258166	-11.3958	-38.5879	4.64789	-22.1696	137.457	51.3405	23.252	-31.9396	8.77815	8.45467	
Iter 34: -24.3576	41.75	-45.1707	10.0757	-12.534	-85.3836	-66.7367	14.2618	-3.46223	28.849	-29.5915	40.475	6.37127	-61.0514	57.7853	-1.36324	18.4316	-37.7791	37.2499	1.34336	6.54298	-49.1188	91.2905	-49.7522	87.7586	20.1398	26.2274	40.5885	37.5337	1.11961	
Iter 35: -46.3367	42.5085	-16.4283	-35.1501	-5.00475	-58.2274	-69.298	16.725	-5.66451	44.7938	-3.03013	29.5793	-84.7953	-36.1972	61.6685	-13.6	-40.1144	-14.5126	40.1819	-36.1284	15.8635	-22.1237	36.7446	-52.1277	84.7631	3.64664	24.4714	16.4649	5.56061	18.6773	
Iter 36: -5.72357	84.2196	-41.4886	-17.6409	-24.1778	-19.7401	-34.5782	41.8469	-16.5226	52.7787	-3.09744	95.5755	-58.9328	-41.6102	34.2053	9.29162	32.4211	-21.4324	49.191	-59.6458	-4.28469	-76.7344	27.9917	-74.9514	93.2003	-11.1109	4.76664	-2.40728	26.5825	-7.62221	
Iter 37: 46.5547	37.9463	-22.3889	-31.6622	1.40351	57.456	48.0721	-26.4977	64.0312	9.37822	-20.9335	42.5232	14.3904	-24.7225	44.3298	-45.7586	-35.9281	-48.784	-13.1546	-18.9527	-79.8814	4.10896	-32.5469	39.0755	-25.4329	6.38761	-80.2383	-53.0306	-35.0192	-3.12975	
Iter 38: -34.9314	9.5128	-9.074	-30.7479	-29.7957	-58.6915	-71.7251	40.4801	-48.4573	50.9073	5.0375	41.3176	-50.4917	-62.1777	79.5022	61.8275	29.4824	0.271374	19.9973	-13.5051	-8.248	-73.3615	-32.5867	-1.58211	83.2665	-32.1023	13.2062	-40.7657	74.1413	-23.5076	
Iter 39: 66.4965	60.2247	48.8331	12.426	-89.178	-82.1277	-26.6983	49.6984	1.77676	63.7926	-10.1451	30.7354	-65.4446	-66.7832	30.0303	87.3436	-29.583	-53.2287	73.4369	-36.5315	40.1115	-24.5572	76.1087	-28.3219	51.4025	1.56619	39.5712	63.639	129.707	20.0318	
Iter 40: 8.4812	37.6482	-45.879	-26.0051	-28.7451	-41.885	-88.7896	15.2761	-2.70426	50.7491	-41.5924	56.5119	-56.5259	-40.4646	57.6892	17.6498	-37.9033	-71.8243	43.2917	-54.4557	36.9597	-42.6572	39.7728	-42.8997	36.0526	16.1674	24.5391	37.4058	22.1173	16.5048	
Iter 41: 56.4581	73.1688	9.26239	6.53886	-50.9097	-36.2209	347.121	157.043	-78.2268	-356.952	-9.06289	-454.353	-190.391	-86.7921	-28.1851	404.668	651.184	-249.619	291.334	-68.7845	183.31	18.9856	-197.305	-17.9834	486.503	62.2879	80.1057	-25.2257	629.544	-28.7573	
Iter 42: 43.83	53.4397	-58.719	-35.2228	45.7696	77.2697	26.3627	-36.4314	80.6449	24.3316	31.8707	16.3413	42.3041	-63.928	-20.162	-71.1583	-20.6801	13.4826	-46.4371	-3.12308	-21.3985	78.5685	2.63805	60.8658	25.8932	38.7231	-61.928	74.0955	-22.2265	-52.5215	
Iter 43: 58.304	-36.1514	-52.7206	20.0221	10.1245	66.0358	63.9059	50.2381	49.5597	-25.0058	-25.2048	27.2946	7.38338	5.45969	-53.6911	-24.3167	-52.9513	-2.50001	-71.9509	-14.4909	1.60607	-40.2472	-26.0505	23.6156	-105.96	43.8892	-41.1258	-29.3064	-48.0893	-41.9347	
Iter 44: -7.96932	29.4389	-52.9514	-32.9551	-15.4629	-50.6755	-79.816	9.33067	-13.9363	38.9591	-28.0086	42.3951	-94.5535	-22.6416	32.499	-23.408	43.2192	6.23988	80.3541	-41.2907	21.6062	-28.8323	62.9207	-32.904	83.7358	22.3973	36.8683	20.4704	28.0585	-35.8024	
Iter 45: 4.61882	25.7368	-4.66468	33.7711	-64.8392	84.6244	1.11621	8.98155	25.6213	-36.0698	-54.6203	29.4871	-26.6925	-20.6872	-9.32391	-58.4986	57.8619	66.5749	50.1712	21.9448	-74.9406	-50.5167	4.32468	75.9367	-50.5013	-77.1775	-16.2962	-16.6342	24.9939	-41.3107	
Iter 46: -99.9629	96.2678	-39.0394	-11.8924	-4.14349	-55.6861	-19.8712	64.6508	43.1768	125.924	7.38715	23.2421	-60.6609	-62.3898	182.091	266.741	-65.4097	-69.552	-36.8587	28.9656	-69.238	2.65611	93.0472	-20.4787	152.17	-62.7008	101.675	36.9436	45.5736	117.187	
Iter 47: -2.73469	12.0892	27.2483	-46.5491	-19.5919	-48.8352	-41.0737	53.8931	-86.6124	18.1762	14.8763	58.2437	-32.3791	-41.2285	102.115	-7.81327	-55.4264	-52.9807	63.5899	-19.146	-21.9461	1.77556	29.6893	-89.3917	100.91	28.7379	35.8434	13.8636	10.7286	-11.9764	
Iter 48: 6.66292	60.0393	-17.3432	-49.3948	-13.6516	-26.1161	-117.803	26.9193	-15.7897	69.1225	2.42287	60.4468	-17.8803	-51.6175	52.4488	67.8179	-26.4864	-14.2512	58.4555	-21.9618	0.173756	-42.9905	29.4541	-14.3154	56.217	3.29162	28.8615	51.8605	42.4259	4.97456	
Iter 49: -15.0625	-7.55908	29.4128	-21.3328	-12.6384	-35.9233	-52.2789	64.2555	-16.7862	25.8332	-38.8703	58.7861	-92.3824	26.6703	48.2408	20.3496	19.1097	4.77928	60.2571	-47.4854	21.3899	-52.6298	15.8598	-89.069	78.1667	-7.25205	14.0081	-14.6388	-1.53239	1.8496	
Iter 50: -14.7904	62.8095	33.9755	-11.0236	14.9731	-65.2854	-63.2365	67.3426	-42.1298	42.369	-2.5986	14.0717	-64.6496	-69.7959	63.6546	-2.17327	-45.8324	-67.7018	88.8679	-13.0316	-18.5185	-44.9502	-18.1895	-7.39041	69.5532	5.31675	39.1008	46.7934	1.97156	29.6404	
Iter 51: -22.1219	33.7484	-3.85784	-33.771	-28.9382	-57.45	-68.1045	-31.2461	-25.3666	73.5428	-90.4045	59.249	-36.0368	-14.9537	70.2897	18.3321	-15.5586	-81.5371	79.0388	-37.5933	-26.7652	-32.4794	10.8704	-17.0585	70.6171	28.6217	7.97761	-15.6541	20.5542	11.4565	
Iter 52: 29.0105	-48.4975	-45.8252	52.6214	-0.719736	51.997	49.8752	2.00752	69.1452	-39.4137	-7.63548	-19.6205	-46.0611	10.2342	-16.0538	-77.2636	26.411	-40.0434	-42.2071	-19.7867	39.9566	57.0854	-53.3198	22.1539	59.2884	39.8402	-11.6154	-57.2663	-42.621	-79.0378	
Iter 53: -14.7212	-7.8695	-27.3923	-62.6309	-19.9198	-60.937	-69.4173	42.1096	1.36723	75.5711	0.984607	72.8311	-68.736	-51.1981	58.9229	69.253	-10.2209	-41.0212	56.6015	-31.9614	-22.3936	-14.7537	-36.2915	-25.0701	88.4109	37.5104	18.54	-34.6465	50.1115	20.1207	
Iter 54: -10.8417	33.0454	-29.2624	-32.6215	-21.5504	-50.7567	-67.6494	23.7731	-40.6456	55.6217	1.71818	56.3891	-37.6152	-50.0266	70.5845	-5.96418	-16.8888	-4.9909	53.983	-7.80496	43.8998	-56.8356	33.3028	-25.8185	97.1658	56.5122	23.9768	30.1387	8.11228	8.52633	
Iter 55: -3.77257	19.9808	-6.60355	-21.238	-1.21274	-13.9784	-111.017	45.0911	-18.8492	60.0224	-18.0618	29.8782	-85.8002	-77.1982	83.4993	-9.9255	-23.6239	-30.2725	51.5999	15.2315	-37.9134	-49.7945	8.44296	-18.6488	40.7734	39.8759	38.8539	11.6714	62.4992	-27.0965	
Iter 56: -0.0185907	30.9478	-49.35	-7.14294	-20.4261	-46.5373	-74.3671	40.8133	-50.6459	51.6578	-3.14839	54.6853	-54.5501	-60.8364	64.2037	52.4182	51.9169	-30.1931	28.8133	-12.6202	0.515125	-49.1506	-8.76511	-41.3523	85.7948	-21.0944	17.0778	-41.2677	32.4015	-2.55754	
Iter 57: -16.326	1.3979	24.8044	-22.1587	-10.2429	-43.1709	-70.6339	42.1144	-38.6711	59.4844	9.12439	57.6973	-72.7214	-48.9021	71.8257	29.9336	-6.77688	-33.0831	58.9009	-34.528	-54.2657	-50.9051	17.8335	-28.1065	75.3728	27.0617	24.2074	-13.2769	-11.2653	5.83584	
Iter 58: 51.1387	29.0741	-26.4466	3.50598	17.6521	26.9278	-76.9171	56.1082	7.12435	91.6041	21.764	22.8902	-82.9992	-50.874	107.67	68.416	-14.8479	-22.6961	-6.35225	-41.6444	16.7016	-65.2926	60.2316	-34.6247	66.1128	-1.50329	33.9515	50.1709	58.2247	-58.8761	
Iter 59: -68.3615	-38.1424	-36.4539	74.4516	-21.8977	68.0931	-4.01769	18.7711	46.1267	-75.4917	-67.3936	36.3595	-69.9302	28.1681	-88.5148	-69.1263	35.5366	52.1422	-38.3021	-7.85161	59.5172	69.0175	29.007	64.0409	-60.6765	-52.2133	27.1002	-22.0641	-11.3061	-91.0508	
Iter 60: -36.0653	36.9712	-35.4397	-19.0256	-29.2173	-31.1969	-49.0696	49.5011	19.6122	23.3194	-2.81556	44.9031	-75.7785	-61.17	39.1244	-13.9055	-7.68306	-55.073	23.0235	6.47635	9.78538	-59.7849	38.7086	-74.4837	92.7525	30.6196	19.2222	10.6383	29.3781	8.2566	

Best Xs Fitness
3519.62
3581.04
3146.53
3646.74
3464.56
3484.21
3618.37
3449.78
3461.32
3580.6
3652.25
3471.61
3739.16
3630.56
3116.96
3624.21
3123.55
3621.13
3140.58
3528.93
3418.22
3443.36
3568.27
3530.18
3593.42
3125.58
3511.04
3629.53
3420.44
3125.16
3607.33
3441.03
3615.37
3690.52
3469.31
3629.07
3627.36
3715.2
3620.7
3522.28
3657.32
3371.87
3145.56
3644.84
3597.94
3705.88
3660.89
3530.1
3727.83
3584.16
3575.71
3448.38
3500.11
3530.09
3663.02
3614.76
3530.26
3541.11
3387.54
3479.95
