13-Dec-2018-12_37_59
 - Ran 449.819081 sec, min 1.64698e+07


Best Xs
Iter 01: -2.0807	68.9133	21.9551	73.4839	8.63719	-32.4346	1.78948	-19.9529	33.9849	31.8362	-25.1716	73.0077	53.8357	-23.1494	47.2669	-44.1713	-8.08416	54.5046	14.9523	12.4436	20.8807	-0.248437	49.8978	57.5027	-17.9438	4.30071	50.4048	-6.71476	-16.7732	-69.1384	
Iter 02: 2.02187	19.277	-13.6386	5.08749	32.0567	-54.8112	12.8692	-24.7899	38.923	9.98602	-2.73676	82.4658	52.5128	-10.3408	20.1972	-8.88272	15.5556	38.7292	4.13524	21.6935	45.0205	-6.94327	56.9311	68.731	-59.5623	-0.470104	25.7793	-40.6226	5.13328	-71.0102	
Iter 03: 42.6641	23.1525	43.9877	24.7239	35.8497	-35.0462	25.3355	12.7412	27.0436	28.3269	-17.2748	49.8906	60.9984	-7.6872	20.9872	-32.9083	26.008	47.3712	8.10733	2.75006	34.8497	-20.2045	57.2414	83.0561	-22.3013	19.1914	24.6131	-3.04206	8.23916	-63.1833	
Iter 04: 29.3305	21.9051	-20.7833	10.0698	17.3609	-60.6784	9.53753	-19.0309	49.1756	-16.0106	-49.9458	69.4382	51.0001	-7.84774	10.7454	-25.6443	-14.4684	38.8176	14.055	-4.93963	38.7492	1.36854	52.4739	80.0308	-60.9262	-2.11385	18.629	-22.2896	17.1941	-75.7634	
Iter 05: 1.07868	6.77647	-55.3828	15.0701	28.0712	-63.7045	-13.3834	10.9879	60.2841	5.82852	-27.3805	73.2608	51.6385	-20.7128	39.8049	-9.95256	-4.7428	44.5623	-4.35446	31.5549	39.0977	21.2258	51.2687	66.8149	-50.1221	-5.17697	27.4002	-22.5654	-5.06493	-76.3316	
Iter 06: 1.8032	44.9653	-25.4948	36.734	-2.25067	-39.991	7.3701	-27.0519	38.0654	12.2649	-26.1725	59.6958	51.5509	-18.8744	30.3682	-42.1916	-3.86764	55.7325	33.9166	-1.43613	22.208	-0.946772	43.1588	79.4934	-28.3666	-8.38289	26.5115	-19.207	11.747	-77.3057	
Iter 07: 6.35363	4.90578	-16.6484	26.0803	23.3137	-20.3249	11.1314	-14.1789	38.3474	16.3143	-11.1361	53.1515	56.8638	-17.5424	41.1907	-25.1428	-8.37186	39.899	12.6821	47.4095	5.52398	5.524	47.7338	84.9762	-51.9844	10.2078	22.7801	-12.7277	11.2538	-74.3474	
Iter 08: -26.6714	2.49529	-7.33933	15.2728	30.0977	-37.0103	13.9951	-4.85448	33.7733	31.3819	-49.0139	53.8251	53.3843	-16.7364	11.4254	-2.29184	6.59028	50.3663	13.191	15.5887	-8.17469	-8.3367	48.9368	98.1179	-32.7543	-0.298358	1.21964	-20.1758	11.4796	-69.9939	
Iter 09: 11.4199	24.4079	23.7713	33.5616	11.5449	-16.5452	-13.9108	-26.0495	26.2134	-6.32683	-26.1457	66.928	52.2537	-4.65812	84.1836	-33.7326	-6.34892	57.4946	37.9403	39.1377	6.8187	-20.8976	50.0052	66.8127	-27.24	-6.72111	37.229	-8.52898	34.8239	-74.2491	
Iter 10: 42.7729	29.7937	-16.2375	40.8324	-7.85533	-75.6671	-17.0472	-13.0098	39.9365	24.038	-31.1181	62.4985	59.4709	-24.5457	19.6943	-41.1437	-25.2316	47.5509	40.0982	67.6868	31.9639	9.58763	36.9425	69.3295	-30.8671	13.9649	28.0116	2.25766	18.8379	-80.6516	
Iter 11: -13.7653	-17.6058	19.8913	28.4413	39.149	-35.1269	2.3392	-19.0484	48.0529	20.6903	-30.5898	58.8959	58.2323	-12.7883	37.3602	-36.7896	-8.19695	54.4373	18.4755	15.7452	5.5537	-14.3921	48.7085	78.6225	-15.2578	10.214	20.3359	-21.9132	20.2165	-66.2887	
Iter 12: 0.914425	-17.1302	-6.096	-13.3363	0.299128	-62.1257	-22.8289	-14.732	44.4635	53.8146	-8.75752	80.6341	54.7658	-38.8799	52.135	-2.09595	-6.42143	50.1498	32.0704	47.0113	36.7376	33.199	25.097	71.5197	-31.535	1.66963	19.7185	-26.5611	13.7573	-81.785	
Iter 13: -22.3198	-0.862701	-17.5756	47.1109	11.977	-19.7762	24.2822	-12.4902	44.2425	35.2705	-9.94077	52.2542	57.0022	-32.3448	25.5513	-18.5155	-5.93057	51.2269	31.3917	33.6648	7.50489	13.5828	31.9198	90.9092	-31.1808	8.42417	23.0902	-20.852	4.28563	-72.0569	
Iter 14: -6.21109	11.0779	5.83882	36.4039	31.8809	-57.4596	-10.003	5.2277	43.5322	37.6777	-25.2283	72.6385	48.0452	-16.5009	32.849	-25.6701	9.13754	43.936	15.5342	-2.79259	20.76	-16.6372	49.214	63.476	-54.0831	-11.589	30.6387	-15.2993	5.57814	-65.1973	
Iter 15: -10.787	-0.00506862	3.93472	30.1294	31.8695	-51.6328	42.9549	-13.708	46.6944	13.6218	-5.46538	66.7962	60.7006	-4.62244	-6.12839	-19.409	17.8417	37.7299	27.3618	7.60292	58.4671	-29.3111	52.3762	67.7714	-42.8777	21.1832	35.1292	-38.3497	31.5731	-66.8395	
Iter 16: -19.8749	19.1321	-30.9442	26.0107	20.6362	-49.8242	7.26257	-4.77603	56.2916	42.0994	-7.65393	79.8953	55.7476	-18.5426	16.4255	-14.7357	-40.8932	50.178	21.2936	17.9762	18.5485	-8.11152	47.3617	92.4582	-28.7351	6.00375	12.9643	-6.19725	10.9614	-69.9802	
Iter 17: 4.90491	22.5395	28.0369	2.29637	-2.1525	-46.4499	10.0982	-11.538	33.7952	42.9753	-5.44276	68.2764	51.9939	-28.5398	43.0119	-28.0449	22.9516	54.5437	32.3721	30.8846	59.3788	14.461	35.8287	65.5384	-30.6588	-5.79175	36.5684	-25.0189	12.4578	-77.8745	
Iter 18: 52.6538	14.0105	10.3385	21.7892	30.3904	-23.5213	27.0161	9.7505	45.5144	7.03899	-34.0951	83.9837	57.9748	-8.14458	36.8592	-11.737	-9.49449	43.508	20.3314	39.5177	35.5528	-21.7462	51.5545	78.2374	-41.8006	9.5945	28.3501	-7.25441	15.5621	-65.5892	
Iter 19: -28.4131	27.2241	0.167964	47.9082	31.7969	-50.8511	-16.1966	1.55627	51.3824	26.029	1.43001	91.7697	48.4728	-11.4439	51.6433	-6.70123	26.0814	58.5885	6.25347	-9.19786	23.8978	-11.1786	56.1606	50.1463	-26.3017	-16.6617	43.2294	-40.8547	3.05883	-66.0388	
Iter 20: 28.107	28.348	22.9352	53.7755	37.5612	-28.1237	14.4064	-7.10498	40.6016	7.3643	17.591	69.3364	50.2121	-1.63195	35.4411	-26.268	-5.87252	55.9294	13.1849	3.6629	27.684	-32.6597	62.8379	76.6148	-24.4408	-8.15055	39.1836	-10.5538	15.3181	-64.5991	
Iter 21: 34.1021	35.7541	22.7757	20.9882	18.93	-71.3985	3.90174	11.8847	50.673	-10.5834	-11.7002	73.1433	61.8792	-1.01673	7.16107	-73.4976	-8.43642	57.39	22.714	34.7603	42.8262	-20.4928	57.5774	73.6003	-5.75692	15.6882	21.2451	8.91245	24.3583	-71.9098	
Iter 22: 15.4999	17.5954	-6.77335	39.4929	31.6163	-59.8911	-6.96863	-18.7552	50.5578	11.6818	-34.7349	84.9859	53.3835	-1.61051	22.1782	4.89498	-7.35997	54.7574	15.0471	-10.4135	17.7949	-25.1882	61.6589	66.2047	-25.5395	0.0533107	27.8872	-37.7295	27.4286	-71.0415	
Iter 23: -5.84112	10.0465	-1.6932	46.4598	19.2337	-56.5033	-26.527	-23.9907	28.6966	10.483	-25.8362	63.89	52.2451	-12.3809	23.6389	-5.56572	-19.7832	34.0444	28.0689	32.0504	-27.5076	-5.24725	46.2691	78.9178	-61.9395	1.2011	12.8837	-9.79256	21.3336	-68.8107	
Iter 24: -41.2919	-14.6564	-28.5661	16.564	1.63784	-50.6917	12.3671	-29.1187	23.7324	20.5599	-1.38071	59.3869	52.3341	-25.177	14.8432	4.04185	10.2333	36.1656	39.7411	-22.8024	28.0019	13.6787	31.433	83.1092	-58.8599	0.0841753	16.588	-30.4493	30.873	-82.9359	
Iter 25: 2.10733	17.8574	2.37334	38.8007	12.4885	-31.1627	-12.6719	-7.34188	31.079	17.944	4.70213	80.0417	58.7912	-3.86454	62.2211	15.5076	-0.319168	54.3781	32.6598	15.8914	10.8587	-22.8339	50.0377	73.491	-17.5091	10.0605	31.566	-19.1214	38.9818	-72.7239	
Iter 26: -9.96558	22.415	17.9658	41.0866	18.4793	-19.9137	7.17725	41.0947	51.4667	49.9004	-24.4119	81.0326	59.9273	-27.8572	38.1437	-9.47177	40.2518	46.7611	8.74056	-26.4138	-15.8403	18.3997	43.5185	94.4895	-29.2378	15.4209	11.6277	-21.4084	-8.4418	-69.3231	
Iter 27: 15.4506	-2.31975	-63.5383	52.2439	-7.78075	-41.2986	-30.4976	-30.3252	47.3154	32.2779	-64.124	70.2582	67.8246	-39.1782	50.2792	13.3098	9.4849	45.4249	41.7244	45.6836	-19.4665	35.5166	22.0582	94.1053	-20.8631	34.0182	13.1161	-54.5583	9.86539	-80.4822	
Iter 28: 54.1073	40.5236	30.1657	34.5471	11.86	-30.2592	20.2385	-3.43788	43.7839	26.2794	-31.6854	55.2615	54.1153	-24.2793	39.7038	0.640324	7.77905	59.8562	9.54944	72.4057	39.943	12.1366	47.3049	67.7205	-12.1552	-0.627365	38.3147	-28.9202	-9.39632	-74.5203	
Iter 29: 9.10522	30.2922	-31.4504	34.3872	15.621	-38.3703	0.00423247	-10.666	27.4498	-50.1718	-23.4296	68.441	62.5532	2.05163	39.2468	-28.7203	13.0019	56.4471	14.648	26.1831	14.9553	-3.95797	60.9555	79.5969	-7.29591	18.6898	25.8782	-13.19	28.3215	-81.8492	
Iter 30: -3.72397	53.0386	8.64263	23.913	11.0785	-41.193	7.54907	-17.4816	32.6935	8.98985	-44.4782	63.0169	52.2587	-3.40584	32.1571	-23.7964	17.4495	63.7076	32.3237	9.53723	20.1753	-28.4281	56.1474	73.9575	-9.8317	-12.2764	22.9736	-27.0857	23.6695	-70.7959	
Iter 31: -9.43578	42.964	-14.032	37.373	2.40636	-36.9442	-3.5027	4.31477	60.8424	-1.63436	-42.2831	53.0057	63.8853	-6.9739	46.6591	-18.706	-16.215	51.5102	30.6075	37.9001	19.0231	-10.8731	51.345	71.0497	-15.8363	26.6084	28.2674	-17.536	27.6728	-78.4501	
Iter 32: -9.27711	-1.25121	-0.225668	17.238	24.2665	-55.9694	-23.4811	-9.32838	37.9355	17.0805	-31.3718	72.7649	55.2887	-15.1902	48.3675	-29.4374	19.8868	65.9686	12.1164	8.91129	14.4372	5.46557	46.7131	80.5489	-4.6005	-6.3383	14.0073	-26.4247	16.2067	-72.1441	
Iter 33: 2.32569	23.5183	-7.36404	54.0909	23.4615	-33.124	13.4249	17.3029	40.9204	33.0101	-23.8131	57.6083	51.8392	-16.9676	34.807	-17.7952	42.788	55.105	11.6235	49.9859	26.0331	-2.61997	49.9274	86.273	-29.6636	-12.404	24.9259	-28.8627	2.74431	-69.8084	
Iter 34: 12.7525	16.309	1.5544	60.8923	11.1922	-36.4003	31.1212	-22.8731	53.6521	67.1926	-13.0369	81.4389	56.0475	-29.5773	13.2503	-15.1202	-17.8158	43.7877	35.1782	23.0414	44.8384	-1.00424	35.4304	75.0364	-40.9963	7.05205	41.6251	-30.1675	6.76665	-66.6885	
Iter 35: 15.1849	19.3493	-30.7629	10.9485	8.1194	-16.8004	15.221	-17.3528	38.6178	16.9713	-9.83578	50.9714	46.0491	-28.3656	54.2183	-21.1373	-1.59615	57.805	31.914	49.5443	18.0092	15.806	34.7956	80.7884	-31.2828	-23.4753	23.0581	-20.5648	-1.46232	-69.6001	
Iter 36: -39.7905	14.3801	7.4193	61.8129	14.2563	-26.442	13.4787	-18.4753	26.3156	27.4867	-39.0853	74.979	65.998	-19.4719	35.652	-25.6118	5.56432	43.8079	17.1363	31.6543	21.6833	3.79331	45.4938	81.3928	-24.8143	28.9027	37.5384	-13.0387	12.5592	-76.5435	
Iter 37: -24.8671	39.7795	-14.1083	26.9959	0.77838	-31.0483	8.07573	-17.3986	40.0042	42.602	-6.77484	65.9466	52.2963	-21.927	41.2558	-36.089	21.0886	59.8767	40.3708	28.7288	19.5419	-9.40314	41.2345	76.1692	-17.5334	-5.2501	25.9668	-32.6806	14.8284	-73.6389	
Iter 38: 9.12745	14.7695	37.2149	24.2857	16.2158	-42.3389	10.3383	-7.8409	45.8489	25.7168	-30.8799	62.7694	50.9225	-14.5999	17.0328	-39.2951	4.14094	51.9034	35.97	12.7525	5.68359	-17.021	43.6372	85.3846	-35.0565	-8.81663	11.863	-18.5331	22.0253	-68.5702	
Iter 39: -15.4663	30.9327	51.1238	40.6485	12.6752	-20.761	31.3604	9.62209	46.4703	14.3534	-20.0343	57.3453	55.2315	-19.0983	34.8763	-36.5734	-24.8365	55.6291	14.0227	0.491101	41.3397	6.96491	46.5102	83.6907	-17.9584	2.23543	31.7721	9.47798	0.483571	-74.0095	
Iter 40: 29.2248	15.2133	73.3722	46.7065	19.3977	-22.7355	18.828	-35.6427	19.391	4.38543	-15.0187	76.5958	62.2758	-7.89921	43.1647	-58.0626	10.8642	39.0716	32.2906	24.3956	31.0513	-22.8464	49.8897	75.5828	-35.226	23.4616	38.9693	-12.3791	28.5826	-72.7248	
Iter 41: -5.65331	40.2974	23.2785	18.8878	0.462751	-42.5642	11.7918	-2.95596	35.2465	61.1934	-33.2928	62.8848	53.6094	-31.7992	32.546	-28.3172	21.4592	52.3903	30.1942	42.99	36.1814	7.62243	37.5737	78.3706	-31.9068	-1.35958	26.8113	-20.2046	-1.70783	-72.5787	
Iter 42: -11.1246	47.4065	10.5117	12.4093	7.01553	-50.1679	6.32845	-6.83157	32.5131	23.7865	-26.4258	67.2765	55.5183	-18.0744	24.7421	-25.9386	7.68742	58.4663	32.0117	35.5947	25.8597	-8.76028	46.9891	80.6838	-13.7959	4.08603	15.8768	-11.8253	7.12618	-70.9252	
Iter 43: 9.68625	11.4439	23.8416	18.4945	38.9397	-35.1012	14.2613	-15.2362	55.2225	32.2797	-14.4664	65.9851	55.5132	-4.05942	24.9282	-38.4222	-40.413	52.0777	13.8753	43.6543	6.37033	-33.3606	57.0988	86.1668	-28.0378	2.98027	11.3679	-5.37427	20.1455	-62.4625	
Iter 44: -3.8097	16.5141	11.5729	26.1454	38.2848	-54.7111	6.43568	-47.0648	43.9359	8.79138	-23.9863	52.9562	59.5334	-9.2192	7.49917	-15.6703	-7.56873	42.0447	-9.03739	42.0079	16.8317	-0.0767389	60.7489	87.6547	-37.1834	17.938	12.9404	-44.2377	1.46394	-70.1769	
Iter 45: -0.233625	10.3599	31.7136	8.13427	12.256	-7.1372	9.78867	-3.54959	42.6661	1.63615	-36.8583	55.5829	53.8582	-9.29777	62.5151	-51.4676	24.4845	42.2735	32.0101	49.4854	-1.78696	-7.35686	46.8969	90.6143	-48.7356	4.46139	13.1278	-22.9073	31.3888	-75.2214	
Iter 46: 2.37708	23.2237	31.7411	33.2278	22.4441	-22.915	41.6384	9.79351	60.0548	-11.3269	-30.7051	69.147	49.8852	-12.4349	18.3812	-30.4048	1.12741	50.6956	3.89993	11.9162	40.0055	9.17399	55.3136	86.7207	-37.6924	-8.26151	29.2293	-20.5492	5.3121	-77.3904	
Iter 47: 16.7371	-8.23382	-7.61271	12.9845	14.7593	-37.3495	-12.756	-24.8501	37.3145	10.0277	-25.0365	69.8509	45.1691	-20.7309	59.881	-7.14282	-7.97361	65.7628	28.42	11.7579	8.35021	7.66141	37.7506	58.3912	-15.6012	-20.6585	30.1318	-25.1598	19.4564	-75.345	
Iter 48: 8.41096	-0.772516	-12.7763	5.16144	16.1192	-26.0241	17.5853	-16.7554	51.2234	1.58817	3.63956	77.0593	54.3084	-15.9875	41.6785	-22.3524	8.52583	49.0127	30.9277	17.2466	20.4486	-0.762368	40.8736	78.0748	-34.1839	1.15664	19.9618	-37.8211	21.4978	-73.5902	
Iter 49: -0.518926	8.6559	-3.23759	15.3999	13.6155	-28.062	-14.3379	11.5076	48.0245	22.3126	-59.4083	60.81	48.1672	-20.5029	62.2193	-31.3739	21.9502	56.425	26.1024	16.4318	-8.06638	1.76668	41.2733	84.7571	-27.2496	-14.2446	13.6437	-21.1013	14.5871	-74.2983	
Iter 50: 9.61925	40.8626	0.54004	49.8941	3.7593	-40.5166	-9.37701	-25.4584	42.612	30.7305	-40.244	50.1108	51.3017	-15.6231	40.3119	-19.0586	-7.10046	56.71	51.1913	71.0178	3.50131	-30.7308	40.4163	75.6948	-27.0603	-7.53625	26.0651	-27.4454	20.404	-67.369	
Iter 51: -15.4129	12.0152	0.857549	32.5099	23.6156	-33.0721	-9.65985	4.4502	40.9451	30.3615	-16.7764	76.0089	63.0856	-14.5068	62.5222	-42.2034	1.9578	59.8759	15.9666	4.57591	23.2867	-5.62994	49.3906	63.4849	-2.41066	18.0323	39.1637	-3.61643	14.9473	-69.4296	
Iter 52: -3.33996	-7.30071	32.3906	30.0034	23.7546	-28.8611	11.2794	-5.82247	35.8455	17.783	0.724555	75.4316	56.7896	-16.4043	36.9342	-26.7072	8.90673	44.6733	28.5296	15.9818	11.4218	-5.75993	42.9103	76.4301	-41.1348	11.2356	25.5197	-15.3647	21.7936	-70.8834	
Iter 53: 5.81989	28.8264	11.1965	20.7413	20.5072	-9.1793	9.23219	-9.92161	55.0923	-5.93135	-13.9459	71.344	57.4666	-13.1192	61.0201	1.57483	4.64517	61.3402	3.3137	8.83385	3.82464	8.33436	54.8501	82.0403	-8.61404	4.55142	25.2344	-41.484	2.6206	-76.449	
Iter 54: -25.3811	34.9159	-8.31781	38.3168	21.588	-21.6068	16.5206	-5.68047	42.9011	30.2145	-38.79	67.1911	55.8392	-11.1209	27.3138	-50.5186	3.42558	48.0921	19.8494	22.1925	-7.838	-21.5844	52.3434	96.4568	-34.2439	5.50927	12.7857	-9.8467	10.1381	-66.3294	
Iter 55: -14.4927	50.6833	-7.56197	24.8957	-1.53613	-39.0768	16.454	0.703521	40.95	-22.2589	-36.6668	77.2303	60.0223	-13.9024	26.2846	-57.3746	-17.2987	38.8276	21.4635	38.3062	31.1201	11.3131	49.9947	78.1977	-43.8721	17.6006	25.4488	10.1771	9.28134	-82.4651	
Iter 56: -15.4079	-19.3969	-0.825851	20.4044	36.4444	-46.0106	-15.9685	-32.5947	22.3438	28.2896	-7.64008	62.2254	56.6316	-17.6941	44.0924	4.61498	45.9647	54.2376	5.21887	-2.59213	8.07954	7.47717	47.2097	81.8868	-23.6391	2.49813	17.0504	-53.4469	11.0998	-69.08	
Iter 57: -63.9005	20.1376	57.8884	21.327	16.984	-24.4555	5.62093	-21.0143	31.5361	2.93872	0.781729	80.5772	52.4788	-10.9383	52.9824	-33.9881	-2.14704	43.2968	26.9482	19.83	21.4608	-10.7295	48.6076	87.5455	-48.726	-0.67678	25.0154	-12.6367	19.9164	-72.5208	
Iter 58: -27.1314	29.7765	23.5953	-2.14847	30.3561	-23.2657	19.6116	-29.7996	25.8971	33.7742	-9.35706	70.1512	44.899	-14.2698	43.2092	-16.6417	-38.6985	45.8726	8.29174	27.5088	28.4033	-8.93931	53.5502	91.162	-55.5991	-19.1301	15.8777	4.51123	-1.67921	-62.7728	
Iter 59: -85.2367	48.3683	-43.6095	3.34431	-2.89374	-19.43	3.78524	-22.5346	78.2664	-15.5872	-27.0347	78.9091	61.9483	-6.01185	50.96	7.49946	-50.7464	47.4943	33.0111	26.5585	-0.344121	-9.67332	51.6494	103.087	-24.3572	22.8626	5.60897	-38.7548	28.9592	-81.9781	
Iter 60: 31.4231	-0.914125	14.3033	-11.4436	44.6145	-35.3728	-2.59922	2.66696	67.0623	17.7527	-18.2885	78.344	53.0024	-9.88527	69.8454	-13.134	-36.5436	59.9194	-4.35986	37.8213	39.6781	-5.49648	58.1595	65.6771	-15.6451	-3.439	29.5543	-12.8917	6.63055	-67.4058	

Best Xs Fitness
3.32408e+07
4.02679e+07
5.6885e+07
3.65361e+07
4.12551e+07
3.60358e+07
5.0984e+07
6.00632e+07
3.97434e+07
2.94109e+07
4.28384e+07
4.34608e+07
5.00577e+07
4.13259e+07
3.79858e+07
2.90377e+07
3.86331e+07
4.02893e+07
3.30774e+07
3.87687e+07
2.31255e+07
3.08244e+07
6.20192e+07
6.72986e+07
4.46863e+07
4.17789e+07
3.00989e+07
3.9873e+07
3.86277e+07
3.87105e+07
2.78022e+07
3.82592e+07
3.6626e+07
2.10827e+07
6.16413e+07
3.57445e+07
2.98452e+07
3.81223e+07
4.66033e+07
3.49776e+07
3.25529e+07
3.81929e+07
3.27297e+07
3.92318e+07
3.51864e+07
3.27413e+07
6.52921e+07
4.14561e+07
3.91608e+07
2.93114e+07
3.38321e+07
4.66832e+07
3.74304e+07
2.76588e+07
3.25576e+07
5.54979e+07
3.44641e+07
5.9795e+07
1.64698e+07
4.17945e+07
