13-Dec-2018-12_37_59
 - Ran 453.785870 sec, min 965.833


Best Xs
Iter 01: 18.6143	1.62571	13.461	-41.7503	-3.90395	19.109	-3.46473	6.40564	21.2997	-14.7527	6.12561	-7.70393	9.53433	15.9856	14.3578	-10.5966	-6.86708	14.3643	-13.8389	13.8931	11.1478	-17.3023	-21.2734	-30.8955	3.12004	-27.9868	-20.1951	30.6603	-5.19443	20.5613	
Iter 02: -2.1365	-15.752	17.7154	-5.1981	-27.069	2.56234	-19.0666	21.8604	27.3181	0.418128	19.9077	-19.5858	18.0692	32.5127	11.9472	-11.1296	-1.98633	6.35953	-2.12325	8.2898	-0.023269	-13.9546	-22.6246	-22.4245	16.9679	-24.5087	11.7363	-1.32753	-3.4952	-11.0033	
Iter 03: -7.14428	-6.96968	12.1831	-27.159	-21.2923	5.8439	-4.74176	21.8866	27.2439	6.27512	26.8889	-7.08998	8.1988	22.0617	43.3057	-9.07116	-2.34543	0.702425	-4.2722	11.5081	18.9107	-13.9514	-18.3968	-5.19183	8.17233	-18.0501	-14.4535	-0.661961	-19.2087	11.5558	
Iter 04: 23.7473	-33.2359	30.5263	-22.0686	-28.0109	23.3962	-10.858	19.0734	14.6691	13.3097	32.168	-22.2566	-16.1582	16.1533	38.4163	-0.654897	11.2386	1.44796	-5.03192	-2.13047	28.653	-6.55534	-27.6021	-13.8347	23.3798	-16.4838	-18.1203	28.0878	-43.0889	22.7711	
Iter 05: -4.34159	-7.31208	22.4978	-24.6117	-35.5979	4.95038	-2.09579	16.2269	2.16416	3.30381	20.5825	-37.2379	3.21213	23.9896	13.0305	-23.625	-11.6962	-3.66379	-10.2176	-0.236669	20.0693	0.705979	-27.5674	-5.09025	5.7079	-29.4722	-1.71732	-0.535516	-11.4728	0.514798	
Iter 06: 9.48106	-33.1246	8.24933	-16.3724	-24.827	19.2089	-0.810713	16.3647	2.09302	7.63414	27.6323	-10.6755	16.0852	8.13202	18.5879	-14.3123	2.07873	4.64086	1.28767	13.5203	12.9025	0.504478	-12.8075	-13.7181	18.2266	-26.6306	-2.99697	-3.93528	12.0974	13.8129	
Iter 07: 1.01653	-15.8402	7.70467	-34.7918	-14.7704	17.2283	10.351	31.2521	5.73357	15.6131	27.5215	-13.7279	4.07108	15.4775	29.0496	-16.9458	17.256	12.7285	-14.9429	19.1157	-12.8341	-12.105	-22.1995	-22.5973	18.4284	-12.0681	-16.6951	37.3389	6.31999	-7.83124	
Iter 08: 14.7179	-24.2349	19.1482	-17.0889	-32.55	14.5939	5.6127	19.5306	17.1145	-23.3712	14.0565	-30.4099	6.66998	48.157	26.509	-14.9751	-28.8662	-6.76993	2.75558	-13.0112	-0.133354	9.5241	-24.9185	-39.8626	28.5172	-24.1974	-28.9473	-8.39133	-12.6604	7.66231	
Iter 09: 22.5691	-15.6958	21.5122	-29.0954	-16.1216	30.5179	-8.75829	19.4918	17.1577	31.4614	22.9787	-13.3174	-4.87992	18.6176	11.7991	-19.8972	9.91793	-16.9021	9.59012	-14.6421	-5.20171	9.53173	-10.1349	-22.3203	27.7727	-36.4186	-10.9061	-2.9814	-10.1624	16.3823	
Iter 10: 30.4666	-7.18858	20.1757	5.70144	-14.4212	-8.27066	3.38565	7.37237	25.9721	6.15125	3.59115	-34.2658	22.6325	10.9478	23.9694	-16.7911	-15.1417	-7.64776	14.4943	17.3062	13.7379	14.9397	-26.9748	-4.86937	26.2597	-3.25635	-14.7408	21.2696	-19.3585	11.6742	
Iter 11: -2.97722	-24.4329	15.0868	-34.6039	-8.53036	11.4975	-18.1408	6.43063	20.6999	-14.8088	2.20009	-35.0077	10.4664	30.907	15.7217	-12.7197	4.50427	-7.29025	-9.38878	9.44136	-0.463346	-16.8495	-17.9829	-39.9937	17.1484	-29.7773	-19.7851	-2.41922	-5.84462	20.5049	
Iter 12: 26.4588	-15.5767	22.5656	21.0483	-20.74	9.47462	-15.2088	18.5836	12.2433	24.1883	3.3484	-9.68082	15.5735	13.5621	18.6245	1.74969	7.15785	-6.50212	13.4419	-5.61745	27.4182	-22.6135	-25.4037	-22.5424	15.399	-15.387	3.65037	2.62879	-25.7292	-8.64131	
Iter 13: 21.2544	-15.6806	16.4064	-5.97418	-15.3202	11.1411	-15.1751	6.88627	23.6798	6.22045	19.3045	-26.4336	10.0705	18.6692	37.2967	-16.1032	-24.643	0.466412	15.219	10.0741	-5.92363	-1.22877	1.78844	-22.3491	26.8819	-19.8837	-14.7526	-4.36448	-19.4457	11.8177	
Iter 14: 11.2913	-15.5666	9.43752	-32.561	-26.1443	20.0858	0.37265	22.2803	29.6823	6.12775	19.3986	-24.8037	31.9552	37.351	20.0355	-15.8055	-7.99079	-6.56323	21.871	-12.5659	19.2485	2.30696	-37.151	-22.1931	31.3782	-14.1746	-14.7766	6.75431	-19.5023	11.7925	
Iter 15: 20.7492	-24.359	26.4882	-35.6418	-30.2985	18.7698	-19.5404	31.1734	5.79927	24.1124	17.1171	-17.0925	11.7354	15.2342	12.9873	-10.1362	-12.6448	-15.5976	-4.21549	8.22913	28.0525	-11.8701	-33.1194	-39.7067	11.1094	-21.1286	3.75224	1.28112	-25.8614	-8.90366	
Iter 16: 33.6167	-15.7313	2.20245	-23.4881	-27.045	28.6956	-10.0544	9.26412	33.7178	3.27431	11.8817	-13.5059	-14.2377	39.1166	26.3115	-30.6457	-5.37407	-18.2694	8.51564	11.6488	26.6942	-24.6802	-39.4086	-22.6251	-8.85949	-24.5749	-1.39321	1.38513	-11.4326	0.886899	
Iter 17: 23.245	1.63746	10.4757	-24.8994	-21.653	16.456	-32.6732	19.5138	17.1126	3.18897	14.2309	-29.1147	20.2351	37.2235	11.8611	-19.035	-28.0139	-5.27515	3.83863	20.6875	25.714	9.59493	-14.1446	-30.9265	5.18322	-28.3048	-1.53749	15.4006	-11.4983	0.279336	
Iter 18: 16.504	-15.8808	28.713	-32.0549	-55.2586	15.0897	23.5159	16.362	2.15616	-14.4661	-8.37817	-9.4645	13.3201	16.2571	22.7959	-10.6089	-6.7682	17.5807	-1.71294	-9.34521	11.0363	0.3496	-8.39868	-22.4586	-6.39888	-33.7316	-8.46402	17.5966	-44.4743	6.8095	
Iter 19: 20.8068	-15.6746	12.2	-22.5497	-9.75482	12.6934	-14.1993	19.0501	14.5301	5.98708	10.2204	-31.2411	22.7595	13.4656	16.9935	-25.4793	-5.91389	-18.0189	10.6994	24.1303	3.96071	-6.56644	-9.34643	-22.1776	14.2537	-16.773	-14.8106	-17.3646	-19.3354	11.5185	
Iter 20: 7.04727	-7.19132	0.661779	-33.6715	-16.0699	30.4994	-21.992	18.5886	12.252	7.58325	29.0665	-22.9981	28.5287	23.6526	11.7685	-9.41885	-2.12615	-16.8448	9.70109	6.76353	-8.77981	-22.8116	-23.4443	-4.9398	3.82832	-32.1922	8.60915	5.01121	-27.3266	-0.180726	
Iter 21: 13.6037	-41.2908	21.8338	-17.9359	-29.2772	1.41163	-1.01112	19.7108	19.5053	6.36435	11.9574	-34.2866	12.3885	7.86762	51.3288	-14.7338	-14.1382	-11.1775	-2.40691	13.9977	12.6792	25.5548	-25.6209	-29.6491	17.989	-49.5393	-14.0458	-3.81043	-19.8216	11.7293	
Iter 22: 3.72792	-15.704	12.2218	-37.4716	-31.6673	19.7593	-21.7588	21.7527	27.3723	3.26209	17.0537	-26.492	26.2865	11.4062	14.4943	-43.0889	2.66797	-26.593	16.3966	12.2172	15.1567	-13.7618	-28.5897	-22.3914	22.7236	-18.754	-1.56245	9.90508	-11.4411	0.325863	
Iter 23: 25.5754	-7.09318	22.4258	-32.258	-3.0392	12.0037	-0.823871	9.65797	36.2458	-1.00558	15.6808	-2.79845	-9.18258	24.9052	21.2349	-12.0842	-11.5876	13.1473	-4.19612	15.3455	19.2872	-8.26894	-13.5264	-4.96241	16.1884	-22.3682	-11.7975	23.8761	4.37778	0.644082	
Iter 24: -0.865417	-33.0693	13.2704	-21.5349	-19.5657	20.7457	-0.677935	6.94183	23.4626	3.38631	21.3685	-25.3356	3.86786	13.8181	37.3219	-10.8263	-16.0398	11.3585	3.15913	-16.2766	11.0254	-1.2293	-20.7642	-13.6425	-3.51294	-17.3306	-1.4466	7.21355	-11.6065	0.259676	
Iter 25: 39.3674	-15.8579	18.6362	-33.2138	-7.6262	4.71114	2.36027	19.9805	19.6956	-27.3832	27.8273	-17.983	9.95748	21.4311	22.2777	-30.1913	11.1456	-8.15002	-0.145554	33.3263	22.8305	25.5339	-16.8455	-22.7683	34.6394	-39.3224	-3.69472	13.5356	-21.6585	27.754	
Iter 26: -1.83202	-15.7693	6.9238	-17.0819	-10.7798	5.96734	-16.8028	19.6403	17.0513	18.4475	17.5017	-2.34986	12.2033	17.0781	16.0361	-24.3953	-22.462	14.7216	0.918029	-3.79971	29.349	9.28978	-4.13178	-22.46	8.62785	-25.6185	-29.799	1.69398	-1.7395	3.57102	
Iter 27: 17.4343	-15.5282	17.6074	-31.4673	-39.4488	26.2756	-31.5667	18.5691	12.3326	11.6773	22.1606	-19.2103	20.3702	17.142	29.4497	4.95614	-2.70692	-17.9201	31.9233	17.026	16.7477	-22.6619	-20.826	-22.351	13.8623	-31.9326	7.10781	-11.9632	-4.06061	13.4043	
Iter 28: -5.84456	-24.2367	-2.10432	-20.1355	-18.3925	15.1655	11.2436	18.6306	12.3111	-13.2658	17.1991	-23.1403	21.3293	22.7261	18.1153	-9.85736	-10.6473	-28.1544	2.64274	17.2093	1.58533	-22.8148	-29.9533	-39.765	0.0337985	-13.6435	3.33995	28.1609	-13.1533	8.97331	
Iter 29: 27.7414	-15.6523	6.14467	-15.4375	-33.7287	19.7118	0.994681	16.0498	2.42396	-26.105	0.292953	8.54498	7.52381	-1.74771	6.42218	-1.05828	-20.6271	7.55561	-2.90969	-2.39916	3.85902	0.841448	-21.4336	-65.9844	9.35905	-31.7505	-5.03044	3.35423	-22.7743	28.1369	
Iter 30: -4.7842	-15.6902	25.8526	-36.539	-36.9066	8.63899	-28.3229	31.3024	5.70487	7.51578	18.1575	-30.4686	9.22534	24.0306	40.6816	-44.5788	-5.9964	-41.1081	3.01019	10.2228	14.1194	-12.2064	-7.62636	-22.3831	36.2929	-35.5323	8.46125	-9.45179	-27.3114	-0.108077	
Iter 31: -0.930921	-33.1239	-0.57881	-2.46278	-22.4796	24.8516	-24.3189	3.65241	8.64327	3.25667	-3.08255	-21.7762	18.1136	22.5665	18.164	-15.7739	0.314303	-17.1573	-9.42111	6.48737	-15.8216	-10.0929	0.87802	-13.8224	27.177	-16.3165	-1.57799	-17.217	-11.4731	0.313889	
Iter 32: 15.4534	-15.6496	17.6958	-27.2801	-26.9753	3.75542	-22.6516	-7.43671	22.1911	18.5894	-0.972322	-7.46812	17.0699	45.8398	25.0246	-6.01607	-11.9405	-6.75472	-5.97378	6.29984	5.77657	27.5512	3.70056	-22.6167	6.98217	-18.7707	-6.32343	2.13674	-9.71688	-7.44629	
Iter 33: -9.7564	-15.6328	25.9813	-40.2142	-26.9579	3.98169	-2.88514	21.8969	27.3336	-2.03501	23.0159	-21.579	3.5086	12.2914	24.9658	-16.6331	-13.7757	-6.63648	-5.75989	-16.1009	3.37621	-14.1463	-24.1682	-22.36	20.0728	-13.5127	-0.202852	-15.0611	-12.8956	32.676	
Iter 34: 18.8313	-15.6926	5.24941	-17.4906	-24.8484	19.2003	11.2245	19.1058	14.6397	3.24215	6.53596	1.66574	-0.494615	6.15582	18.5863	-29.001	-25.8291	4.5801	1.3188	5.03818	23.9903	-6.66605	-8.2075	-22.2854	15.3572	-7.54771	-1.55207	9.46031	-11.5332	0.285337	
Iter 35: 11.5656	-41.273	8.40307	-23.8179	-30.6454	-11.7666	-0.922208	4.03667	11.1277	7.33624	32.6452	-40.4352	21.4758	8.35429	19.8713	-14.4695	-15.1642	-16.0518	11.4659	13.478	12.7888	6.14471	-22.4342	-30.9723	17.9418	-17.155	8.6921	-4.16293	-27.5818	-0.165162	
Iter 36: 8.33372	-15.7643	18.011	-22.6033	-24.7462	8.28251	-10.0517	19.018	14.7201	11.7918	19.692	-12.3094	11.0595	24.025	11.4918	2.56942	-14.9973	-15.342	-12.7733	-5.89309	8.04478	-6.70416	-22.6031	-22.2263	12.6153	-24.728	6.72897	-12.5812	-3.95346	13.4017	
Iter 37: 12.0723	-33.1984	8.82113	-19.2768	-40.2832	8.6314	6.66384	6.90723	23.7345	6.30943	20.5189	-0.49927	11.7651	19.9633	21.3368	-7.38173	-19.2738	-5.06814	7.94476	13.3827	0.592518	-1.18004	-16.0021	-13.5636	-7.7621	-12.7405	-14.4563	2.96377	-19.4976	11.5918	
Iter 38: 5.17064	-15.995	11.3927	-16.3449	-18.4404	13.652	-5.85001	19.1691	14.8171	5.84408	6.05263	-8.88354	-4.0679	7.72198	4.97413	-29.5708	-17.3206	-15.2234	6.30993	-0.242166	-3.38082	-6.92701	-5.38907	-22.3271	11.3383	-23.6671	-13.4485	15.1136	-18.6846	10.1865	
Iter 39: 4.67831	-15.7399	13.1229	-28.1421	-17.0973	25.1818	-32.3833	3.65758	8.66221	14.6858	0.998793	-30.4323	-19.0356	19.6795	23.7658	-12.89	6.1624	2.88728	-3.85909	6.87485	1.60578	-10.0852	-19.048	-22.3932	14.9495	-25.5794	-6.12058	32.633	-11.9362	24.8428	
Iter 40: 41.8345	-15.225	24.0318	2.50312	-33.336	21.7404	-3.11695	19.1235	14.6171	11.6813	4.16753	-36.4795	27.5377	11.7563	19.8548	-13.0698	2.99981	-5.63643	-6.83972	-14.1496	39.0098	-6.7436	-38.3357	-21.6486	12.5598	-16.3174	6.94179	16.1184	-4.24846	12.7321	
Iter 41: 41.7571	-15.7485	25.4924	-18.9263	-13.0253	14.027	12.3144	19.0421	14.7151	-13.405	13.2712	-17.9579	4.59726	30.0196	10.731	-2.89532	-14.0832	4.88378	11.9108	15.2608	16.2609	-6.60609	-16.12	-22.3851	-18.3879	-10.3174	3.37669	18.9028	-13.1366	8.94986	
Iter 42: 0.828177	-15.6707	16.8281	-8.50025	-8.57632	10.341	-7.36446	6.847	23.691	1.78746	27.5031	-12.1232	2.61734	13.9048	2.578	-28.4004	1.30898	6.0707	-5.97806	-2.10281	4.40287	-1.23778	-23.508	-22.3079	15.9481	-22.5823	-24.9087	-16.3912	-3.31044	12.2146	
Iter 43: -1.34026	1.49946	15.239	-18.3805	-33.4323	20.3173	-39.4291	9.06053	33.8775	7.64735	19.8511	-10.6232	7.99763	-8.29881	6.58516	-27.9963	-10.9719	7.57175	-3.15463	-10.2889	14.1932	-24.4755	-13.1027	-30.9927	8.78728	-28.8704	8.59949	-5.27406	-27.498	-0.0538113	
Iter 44: 7.40373	-15.6262	15.5738	-24.1568	-31.5957	7.6606	9.63814	21.8054	27.2773	-14.8329	33.6771	-14.3818	-1.66087	28.6513	33.1755	-8.8333	-12.6711	-7.93183	12.2547	14.9466	9.11959	-13.9195	-18.4532	-22.4464	5.00098	-19.7734	-19.8261	-3.26625	-5.05626	20.6328	
Iter 45: 2.07067	1.47938	6.57028	-20.6906	-23.8596	13.6285	3.0074	31.2908	5.72199	-6.72376	7.45818	-29.9039	18.519	17.2131	38.3866	-21.7752	-12.7824	-9.65703	7.08411	-0.483082	28.7521	-12.1744	-25.5025	12.4231	-2.78374	-24.8798	-33.5339	-12.9661	-10.8089	-0.892776	
Iter 46: 26.9268	-7.05688	22.1084	-44.7325	-29.446	22.9081	-4.85357	16.3288	2.05278	14.0501	3.8918	-11.531	28.7472	22.1002	26.8141	-9.51039	3.70094	3.4332	19.3175	11.7851	18.6376	0.522274	-20.2497	-4.94634	8.06063	-25.7273	-28.4149	-0.999863	-25.0318	-9.95215	
Iter 47: -7.25756	-33.1134	11.0111	-38.0266	-27.1771	1.14207	-19.2499	34.5278	20.6978	-10.6907	6.83236	-18.1932	22.6221	10.5152	-1.04828	-2.63059	-21.9211	19.4548	1.58117	32.2964	8.28173	-3.3229	-19.9637	-13.5281	-15.0498	-17.6604	-9.75351	-21.6686	-21.0236	20.1703	
Iter 48: 10.8597	-15.8918	30.3768	-26.457	-21.5291	17.8263	26.0405	6.863	23.7728	24.2933	29.0013	1.79627	7.31746	24.987	24.8454	-12.1252	-24.583	-18.2417	0.0713499	-7.54748	19.7705	-1.27612	-17.4777	-22.396	6.42693	-33.4094	3.74468	10.8739	-25.7891	-8.38433	
Iter 49: 18.2594	-15.647	21.5827	-27.1576	-10.6585	7.52884	-5.75198	19.9402	19.5822	10.3218	14.5978	-20.064	9.01312	8.05734	29.043	-29.4399	-15.7667	1.79214	-2.86745	-0.145279	-3.30724	25.6749	-7.36398	-22.3851	10.8237	-21.3897	-16.1575	15.0975	3.83298	25.2576	
Iter 50: 23.3362	-15.5883	16.5107	-16.5436	-7.64981	4.74007	-7.95401	21.7875	27.3141	3.23107	8.49702	-26.2065	18.1627	23.1013	22.3169	-32.3962	-0.164448	-8.17038	-0.241305	2.17092	-3.49177	-13.9695	-22.6379	-22.3707	32.6226	-22.5083	-1.61746	21.4206	-11.2847	0.24876	
Iter 51: 20.1805	-15.8381	13.3453	-13.4061	-27.0787	3.94956	14.8115	19.0217	14.7742	-0.979931	4.32322	-10.6646	7.23857	-7.43687	25.0388	-17.2073	-10.2985	-6.66628	-5.76965	17.0908	-11.0008	-6.57144	-18.6009	-22.424	11.9844	-3.70562	-11.82	-3.08914	4.51006	0.838823	
Iter 52: 31.8648	-41.2074	21.9481	-39.993	-38.8251	32.2733	25.9749	4.16329	10.8687	8.70613	23.171	-8.25096	42.7158	13.0794	21.096	-28.3799	6.93736	-5.51535	1.56075	8.4927	14.5743	6.18603	-38.8651	-30.276	12.2003	-17.3679	-27.6944	6.86302	-27.1781	23.0126	
Iter 53: 28.443	-15.9486	13.8067	-42.4384	-19.348	8.53783	-17.2956	31.1183	5.82706	3.39039	15.4188	-15.2429	11.6249	21.9314	17.1318	-14.832	-4.6357	4.60597	-7.19137	-17.809	19.8041	-11.7628	-28.0102	-22.1436	21.3034	-11.9385	-1.51923	15.4688	-11.4207	0.44206	
Iter 54: -2.39542	-7.02644	9.13308	-10.1202	-27.1779	14.8667	7.40402	3.61342	8.71574	-9.62886	35.0706	-28.544	18.9307	27.6046	32.1695	-14.8741	-23.3659	13.2478	8.33017	15.0593	2.32597	-10.0465	-11.3335	-4.89948	28.3509	-18.3193	-20.3948	-25.4608	-2.98745	-12.5141	
Iter 55: 27.4158	-41.4325	2.3728	-25.7579	-34.8093	10.1145	-29.8012	19.0375	14.8566	-4.98445	20.3233	-13.8444	10.5579	16.1736	1.15345	-31.1077	-14.0031	-23.545	3.45836	24.4377	4.91106	-6.46035	-8.04622	-31.3056	33.814	-40.3649	11.7912	21.6951	-5.69736	21.8921	
Iter 56: 8.56766	-15.4222	19.4975	-37.6598	-18.3698	2.83742	-25.3718	31.067	5.95875	20.1081	18.6936	-20.257	13.0851	10.7085	36.9134	-4.98249	-14.3167	-9.41245	-1.36617	-7.04778	2.76243	-11.9303	-10.4878	-22.4358	33.565	-19.2062	-5.75109	-0.761137	-10.084	-8.02186	
Iter 57: 21.8452	-15.77	4.13113	-14.1826	-16.1386	18.2869	3.18222	6.42771	21.141	3.20961	4.34778	-17.3811	8.8695	33.7324	30.4502	-19.5497	-4.61228	1.8397	5.5569	1.45829	35.7822	-17.4332	-19.0441	-21.7288	-4.67217	-6.21521	-1.5708	15.1871	-11.435	0.273951	
Iter 58: 16.0802	-15.9893	24.0564	-19.5346	-17.0148	25.2794	-24.5231	6.42409	21.2739	-9.0314	19.4026	-25.0363	7.16938	10.5624	23.6511	-11.2461	-10.832	3.0849	-4.01835	-23.1318	10.1111	-17.4328	-15.327	-22.052	0.153208	-24.1596	13.2865	-3.29184	-29.545	8.72677	
Iter 59: 2.21012	1.29473	10.8092	-11.7632	-10.7118	7.29059	10.3025	-5.49216	32.6162	3.3423	28.3639	-18.3308	16.1825	16.5594	29.1902	-24.9486	-22.617	1.52576	-2.82693	30.6508	4.72168	4.42249	-16.5039	12.6778	11.0088	-21.2864	-1.42527	-6.80354	-11.5312	0.365737	
Iter 60: 14.3811	-6.93614	14.395	-28.3625	-21.5829	16.4616	-18.5665	16.2959	2.19187	-0.977087	17.916	-3.65759	9.15063	-7.31531	11.8353	-13.5329	-12.7436	-5.14578	3.77342	8.41191	13.4767	0.715541	-16.8504	-5.29589	8.20925	-13.1465	-11.6951	4.60716	4.47666	0.784571	

Best Xs Fitness
1008.54
997.582
994.293
981.782
992.806
1001.55
1016.72
972.688
1000.22
1012.48
999.976
1019.52
993.565
966.763
970.77
981.074
977.635
1012.75
993.265
996.703
975.833
970.714
1007.84
994.957
990.691
1006.55
975.779
1002.57
1023.09
965.833
1028.36
1010.54
988.886
1009.51
981.88
995.765
998.794
1012.2
1007.47
990.656
1009.49
1010.56
1002.7
980.766
1001.54
990.637
1016.61
987.854
998.631
986.054
1022.5
975.599
985.824
1005.54
982.889
989.597
999.825
993.926
1015.97
1017.6
