13-Dec-2018-12_37_59
 - Ran 450.121757 sec, min 854.746


Best Xs
Iter 01: 9.34062	17.6874	-24.2877	10.7412	-70.3308	-12.7918	6.72412	-7.78673	42.6776	-22.1808	19.9007	7.36018	13.6758	2.20952	4.89439	-13.6689	-5.59734	23.0324	-7.45883	-25.1185	-12.7075	-3.06928	-12.6224	3.53755	12.578	6.45957	-44.5329	6.54004	28.1196	14.3946	
Iter 02: 9.24041	56.573	-24.5128	-8.61132	-13.0398	-51.7084	25.8349	-27.2156	24.8001	-41.6629	39.1589	-12.8445	-5.87605	21.5924	-14.4569	-33.3164	14.0406	22.7334	-7.47007	-44.4982	-12.7059	-22.4818	-51.5617	22.9195	12.6408	-32.2521	11.7809	25.7347	8.52441	-5.12	
Iter 03: 9.50793	17.7755	-4.82789	-8.61567	-13.0495	-12.9688	-12.8345	-7.78975	25.0085	-41.6222	19.8077	6.34038	-5.86579	41.1161	-34.002	-13.8121	13.8172	41.1547	31.4864	-25.0725	-12.5925	-22.4798	-32.0273	22.8639	12.637	-12.9786	-46.2832	26.035	8.56401	-5.03687	
Iter 04: -9.8828	-1.8253	-4.84839	10.8376	-12.9754	-51.7534	-12.5542	-7.33953	24.634	-21.9737	19.8812	-12.6137	13.7964	21.5597	4.80972	-13.7357	13.3516	3.6349	31.2457	-25.0326	6.85865	-22.5278	-12.3986	22.9441	-6.88984	-13.2145	-27.2064	6.65668	8.72036	14.1407	
Iter 05: -9.97118	-1.45278	-4.73983	-8.47518	-12.7584	-12.6361	6.77654	11.5859	5.45213	-22.011	19.9993	6.30712	13.9487	41.1792	-14.6777	5.65685	-5.54802	22.6805	31.3905	-5.65673	-31.1878	-2.81463	-31.9872	3.66667	-26.214	-13.1176	-27.1624	26.2619	28.3119	14.241	
Iter 06: -10.0084	17.7835	-4.92157	-28.0478	-32.4619	6.62467	26.029	11.7683	24.8549	-2.80181	19.8591	-13.0096	13.642	21.6186	-14.4965	5.73606	-5.62524	22.795	12.056	-5.64355	-32.0693	16.4206	-32.0502	-15.9316	-6.8195	-13.0201	-27.0887	25.9629	8.63115	-5.05216	
Iter 07: 9.48524	-1.65706	-4.85885	10.8134	-13.0614	-32.2073	6.58963	-7.58348	5.49803	-22.2605	19.8166	6.40986	-5.75942	41.0344	-14.4535	25.1701	13.8001	3.31844	31.5014	-25.0889	-32.0609	-22.4575	-32.1462	3.5038	-6.85032	-12.9904	-27.1227	25.9517	-10.8178	-5.02174	
Iter 08: 9.49862	17.831	-43.8037	10.878	-32.3116	-32.1374	6.60599	-7.66848	44.259	-22.1905	0.331896	25.8784	-5.64632	21.9141	-34.0308	25.0952	-5.56743	-16.1052	-7.39192	-25.1691	-32.0777	-22.3269	6.84842	3.54664	-6.77598	-32.9244	-7.69982	45.3758	27.9671	-5.15905	
Iter 09: 9.48448	17.8081	-4.94065	-8.63248	-32.4889	6.63404	6.59707	-7.5793	24.8756	-22.2491	19.9019	-12.984	-5.74365	21.5882	4.881	-13.7401	-5.6461	3.35231	11.9841	-5.65222	-12.68	-3.11292	-32.0381	-15.8842	-6.76163	-32.4332	-27.1086	25.9157	8.63769	14.3912	
Iter 10: 28.9289	17.8531	-23.0983	-8.64597	-32.4473	6.59344	-12.7981	-7.65279	44.303	-22.2525	58.8696	6.39563	13.6578	21.6647	-14.4918	5.7462	-5.60767	22.8132	12.0163	-25.1094	-12.6064	-3.0066	-12.7493	3.46561	-6.96053	-13.0886	-7.79317	25.9981	8.58376	14.3682	
Iter 11: 9.48936	17.804	-4.92619	-8.59033	-13.0593	-12.7968	6.6065	-7.6397	-13.9621	-22.2589	19.8361	25.8441	13.6527	21.6512	-14.5019	25.2009	-5.62691	-16.0714	12.0102	-25.1243	-32.0787	-2.98946	-12.6147	22.9332	-6.82789	-13.0463	11.7459	25.9675	28.0414	-24.4596	
Iter 12: -9.98479	74.9806	14.5318	-8.6498	-32.4499	-32.1907	6.58678	-27.0519	44.3262	-22.2258	59.5339	-13.0345	13.6811	41.0463	-33.9783	-13.724	-5.62544	42.2418	31.4781	-25.0783	-12.3723	-22.4433	-12.625	-15.916	-26.2316	-13.0349	-7.67391	45.3556	8.6239	-24.4405	
Iter 13: 9.49582	17.897	-5.11849	-8.61459	-32.4922	-32.3005	-12.7243	-27.07	5.38855	-3.00723	19.8694	6.30918	-5.88113	21.6873	24.2843	-13.7642	13.8867	3.37756	12.2202	-25.1698	-12.9438	-3.02625	-32.0608	22.1127	-26.4276	-13.3119	-7.66743	6.5281	28.2317	14.2265	
Iter 14: 9.4561	17.7939	-4.93585	-28.103	-32.4608	-32.2264	45.4475	11.7	24.8769	-2.79855	19.8854	6.38745	13.6456	2.2211	-14.5395	5.74473	-5.59199	22.7919	12.0788	-44.5315	6.74866	-3.05677	-31.9715	-15.9318	-6.79346	-13.0016	-46.506	6.52381	8.62861	-5.03725	
Iter 15: 9.3815	17.6886	-24.3303	-8.62836	-32.469	-12.7832	6.67566	-7.68689	44.1879	-2.85189	39.2181	6.30228	13.6292	60.3117	-14.4673	-13.8105	13.8161	3.41438	12.2179	-44.6231	-12.751	-3.04428	-12.5738	3.49584	-6.78267	-13.0112	-7.68392	6.30733	-10.9404	-24.5174	
Iter 16: 9.44257	17.7869	-4.89067	-8.54219	-32.45	-12.8009	6.62066	-27.1325	24.9094	-61.6149	19.9196	25.8445	-5.71784	21.6216	4.88391	-13.6882	13.7367	22.736	31.4534	-25.074	6.78773	-3.09118	-12.6224	-15.9534	-26.2636	-13.0137	-7.76031	25.9075	28.0601	-5.05363	
Iter 17: 9.5642	17.8024	-4.81547	-8.49449	-32.483	-12.686	26.0144	-7.64093	24.8401	-22.2283	58.7969	-13.0376	13.6439	21.8733	-14.5831	-13.71	13.7489	3.50774	31.4069	-5.70353	-12.7382	16.4116	6.80896	-16.0198	-6.82432	6.33433	-27.1434	25.9141	8.68091	14.2688	
Iter 18: 9.41122	37.3152	-24.3571	10.7164	-51.8614	6.69728	6.54572	-7.53655	44.2537	-79.6719	19.7728	-32.4265	13.5491	21.5641	4.95862	-13.5969	-5.54499	22.8963	12.0516	-25.0939	-12.6751	-22.4557	-50.7582	3.60726	-6.91416	-32.3735	-7.55544	26.0883	27.8806	-5.1115	
Iter 19: 28.9833	17.8379	-4.93761	10.7979	-32.4531	-51.6714	6.70983	-27.0333	24.8559	-22.0605	39.3289	6.43482	-5.93408	41.0957	-14.3807	24.7178	13.7165	22.9343	31.6167	-24.9633	6.75532	-22.4547	-32.1474	3.6433	-6.88773	-13.178	-27.0342	45.2587	8.75554	-24.4101	
Iter 20: 9.4659	37.2083	-24.357	-28.1225	-13.0909	6.68024	6.62565	-27.0323	24.8997	-22.2196	58.7055	-13.0001	33.1218	21.6248	-14.4542	5.70384	-5.62855	22.7874	31.4709	-25.1586	-12.6327	-3.05639	-51.5412	3.49734	-6.85156	-13.0798	-27.0984	25.9232	8.50845	33.7169	
Iter 21: 9.45727	37.239	-24.3236	10.8553	-13.04	-12.7584	26.0184	-7.63588	24.8519	-22.2685	19.7515	6.38846	33.0365	21.7034	-14.4981	-13.6935	-5.62156	22.7727	11.9699	-25.1176	-32.0951	-3.05696	-32.0665	3.54474	-6.8588	-12.9769	-27.1362	25.922	28.0321	-5.14538	
Iter 22: 9.45326	17.7901	14.5686	-8.62253	-13.0703	-12.8165	-12.7963	-7.63627	24.8185	-22.2484	19.6678	6.30379	-5.76845	21.6014	-33.7019	5.74066	-5.71417	3.36905	31.4545	-25.0224	-32.0417	-2.96184	-12.5088	3.54722	-6.81329	-12.9934	-7.7254	6.48655	28.0959	14.3592	
Iter 23: -9.97492	17.8239	-4.88743	10.8153	-32.4414	-32.2292	6.59479	-7.65904	24.8776	-41.6325	39.216	6.41111	13.6937	41.0553	-14.512	-13.677	-5.59708	3.3714	12.0676	-25.0901	-12.638	-3.0122	-12.6421	-15.9402	12.5998	-32.4622	-7.73506	25.9323	-10.7975	14.3732	
Iter 24: -10.0509	17.7859	14.4908	-8.64767	-13.0608	-12.892	6.66924	-7.55922	24.8652	-22.3184	39.2711	6.3888	13.7043	21.647	-14.5668	5.73543	-5.59923	3.37627	12.0763	-25.0947	-12.6126	-22.5061	-12.6098	3.57244	-6.82687	-32.3977	-27.1466	6.49255	8.5935	-5.01497	
Iter 25: 9.42829	17.685	-4.92542	-8.74626	-12.9808	-12.7819	26.0273	-7.61557	24.9009	-2.77945	19.787	6.2864	13.6388	41.0663	-14.4778	-13.6885	-5.61084	22.7901	12.1161	-44.4827	-12.6787	-3.01354	-32.0017	-15.9229	-6.84928	-13.0257	-27.182	25.9543	8.60802	-5.00246	
Iter 26: 9.31154	37.1193	-4.87863	10.7392	-13.0448	-32.2838	-12.8648	-7.70995	83.3974	-22.2594	19.7605	-13.051	13.8023	21.5361	-33.8083	-13.6438	-25.2037	-15.9802	11.8673	-5.86892	-31.9935	-22.4755	-12.614	3.56117	-27.2898	-13.0236	-7.88666	6.66626	8.65225	14.3773	
Iter 27: -9.96456	37.1945	-24.4049	10.7586	-12.9631	6.5999	26.0756	-7.65479	24.8582	-22.2563	39.153	-13.0589	-5.75038	21.6073	-14.5842	25.1313	-5.67777	3.32568	12.1588	-25.0571	-12.6199	-41.8175	-31.9982	-15.9168	-26.2615	-32.4796	-27.2262	26.0147	28.0201	-5.0684	
Iter 28: -10.1073	17.704	-4.81953	-8.16361	-13.1957	-51.6953	6.8968	-7.32085	24.7994	-41.5225	19.9652	25.6662	13.6437	41.2022	-33.7167	-33.384	-5.95782	3.27885	12.0037	-25.0164	-12.5529	-22.4291	-51.5861	-16.0392	-6.76425	-32.4742	-7.77293	6.48695	-10.936	14.39	
Iter 29: 9.46651	37.2064	-4.91794	-8.58719	-32.4575	-12.8173	-12.7942	-7.6252	24.8858	-2.77034	39.3129	-13.0262	-5.76682	21.6182	-14.4691	-13.6512	13.8162	3.36126	31.5237	-25.1124	6.73146	-22.4283	-32.0726	3.48334	-26.2813	-13.0169	11.7222	6.55319	8.66914	-5.01464	
Iter 30: 9.41079	17.7606	-5.03985	29.4423	-13.0974	-12.8581	-12.762	-7.63273	24.8712	-60.5379	39.3115	6.38009	-25.1349	60.5431	4.8779	5.74466	13.7826	42.1994	31.4825	-5.65788	-32.0093	-21.7354	-32.1399	3.62695	12.6011	6.35494	-27.1629	6.44816	-10.7837	-5.04917	
Iter 31: -10.0424	17.8074	-4.86006	10.8025	-32.4636	-12.8087	6.6214	-7.56424	44.3356	-22.2281	19.8218	6.36486	-5.75808	21.6554	4.90678	-72.5158	13.8182	22.8022	12.0453	-63.1093	-32.0532	-3.01374	-12.6018	3.47136	-6.80629	-32.547	-27.1435	25.9584	8.6448	-24.5081	
Iter 32: -9.89089	-1.75062	-4.81741	10.774	-13.337	6.55074	6.75087	-7.56652	5.53255	-2.96926	19.8417	6.41138	13.6705	40.9114	-14.3946	5.9821	13.7457	22.6018	12.2399	-5.65384	-12.5796	-3.01666	-12.611	3.508	-6.9116	-12.9316	-7.8113	25.9417	8.55216	-5.04694	
Iter 33: 28.8798	37.1153	14.5691	-8.70027	-51.8306	-12.7819	26.0491	-7.55887	44.2465	-22.2379	19.7341	6.39135	13.7622	21.6379	-14.4635	5.82123	-5.55967	42.2403	-7.35491	-44.4259	-12.6559	-22.4579	-12.6395	3.51315	-6.80761	-13.0331	-7.67079	26.0209	8.67419	-5.02071	
Iter 34: -10.0095	17.8007	-4.87802	-8.61119	-13.0568	-12.8151	6.6066	-7.61306	24.894	-22.2248	19.8799	-13.0271	13.6437	2.1763	-14.5063	-13.6602	-25.0741	22.8215	12.0457	-25.1	-32.0541	-3.05909	-32.0211	3.50999	-26.2733	-32.4962	-7.7156	6.54472	28.0607	14.388	
Iter 35: 28.8537	17.7953	-4.89627	-8.67302	-32.4917	-12.7865	6.63581	-7.60212	24.9376	-2.79542	19.8796	6.44655	-5.78732	41.0497	4.95977	-13.7153	-5.62449	3.3534	12.0419	-44.5103	-12.6467	-22.479	-51.4501	3.49772	-6.8016	-32.418	-7.69982	6.54037	28.0187	-5.0234	
Iter 36: 28.8643	37.4022	-5.13339	10.7695	-33.5701	-12.7625	45.2682	-7.5822	24.933	-41.5827	19.4887	-31.7664	-6.2323	41.3059	-33.8524	-13.495	-5.49573	42.3374	-26.5722	-25.2472	-12.2082	16.2794	-32.213	23.1085	-7.02433	-12.7864	-7.8965	25.8228	28.1971	-24.6019	
Iter 37: -9.79802	17.8919	-4.96472	-9.07736	-12.9729	6.50308	-12.8135	-7.56118	5.37567	-22.1146	97.3274	-13.2566	-5.97601	3.86011	5.22853	-13.6336	-24.8448	-16.1949	31.6729	-48.9361	-26.9292	-3.15392	-12.7652	22.8996	-6.96955	-13.0814	-7.51824	26.1038	-10.5475	-5.25847	
Iter 38: -9.87946	-1.71865	-4.91571	-28.0143	-32.5151	-32.2542	6.61381	-7.70708	24.8361	-2.69384	39.8253	25.7414	32.4957	41.1655	-14.4452	-13.7089	13.7882	22.6875	12.0982	13.7789	-12.5251	-22.2364	-32.0843	22.9074	-6.80845	-13.0712	11.7216	26.0964	-10.5486	14.251	
Iter 39: -9.99157	17.7999	-24.3241	-28.0467	-13.0147	-12.7917	6.62672	-27.0766	5.46768	-22.2495	19.8549	6.37015	13.6681	21.6062	-33.9584	-13.6494	-5.61315	3.37272	12.0549	-25.1028	-32.0871	-22.4738	-12.6432	3.50108	-6.8248	-32.4704	-7.71451	6.5411	28.0548	14.3922	
Iter 40: -9.88297	17.4223	-5.32252	10.656	-13.0223	-51.7766	6.31215	-7.0537	24.7125	-41.1733	37.4885	5.73462	14.6671	21.2202	-14.5976	5.34698	13.8971	-16.4382	-7.7441	-24.8721	-51.4606	-3.02539	-32.3235	-15.5149	-6.91192	-13.328	-7.59319	25.525	-30.1849	14.0962	
Iter 41: 9.50057	17.8266	-24.319	-8.63506	-32.459	-12.8247	6.60965	-7.70163	24.8294	-2.9338	39.1617	25.876	13.642	41.1882	4.84095	5.73677	-5.58555	3.39325	31.4668	-24.9572	-32.0164	-22.4343	-12.7394	3.58946	-6.99655	-12.8946	-7.7364	6.49567	8.5866	14.1836	
Iter 42: 9.46937	17.8527	14.4792	-8.67342	-13.1108	-12.8083	6.66326	-7.654	44.3779	-22.1487	0.342077	6.43389	-5.7244	40.7532	-14.4688	-13.6267	-5.61218	22.8268	12.0957	-5.64366	-12.6974	-3.04404	-32.0984	-15.9651	-6.80637	-13.1115	-27.1551	45.3807	27.9838	14.3798	
Iter 43: 28.5297	17.5485	-4.77002	-8.73139	-32.1254	-12.9015	25.3049	-7.5652	46.9533	-2.54415	19.9399	-13.056	32.9832	21.7977	-14.4348	-13.4475	-5.59543	22.2498	-7.28546	-25.0933	-71.8874	-2.75552	-31.9648	22.6977	-6.85025	-12.9804	-7.68531	25.922	27.7389	14.4757	
Iter 44: 9.28955	-1.64265	-24.3358	-8.68983	-13.0632	-32.1555	6.59493	-27.0482	5.41063	-21.8798	19.842	-13.0228	-5.77074	21.5403	-14.5117	5.56314	-5.61253	3.492	31.5947	-25.1326	-12.653	-3.08896	-12.6961	22.842	12.7548	-13.0958	-7.56321	25.9188	8.6523	-5.16428	
Iter 45: 9.4845	17.7054	-5.0236	10.8111	-12.9108	-32.197	6.55395	11.0484	24.9536	-60.5679	19.8032	6.3572	13.7085	21.4504	-14.4982	-13.7397	-5.62842	22.755	12.0898	-25.0569	-12.704	16.3817	-31.9896	3.43278	-6.87223	-13.0558	-7.68256	25.9082	8.66762	-5.10878	
Iter 46: 9.48437	17.5264	14.1283	-8.28331	-52.2948	-32.3197	6.63264	12.1154	44.0458	-2.51328	19.9187	6.28654	-5.8545	21.391	-33.896	25.2176	-5.81356	60.9292	12.271	-25.3219	-32.6096	-2.79419	-32.0836	3.11359	-6.45431	-32.7346	-7.29929	25.7925	28.0056	14.0523	
Iter 47: 9.52302	37.2297	-4.87414	10.7764	-32.3913	-32.2267	-12.8624	-46.4797	24.9072	-22.2205	39.2471	-13.0033	13.7544	41.0637	4.93899	5.71341	-5.65337	22.7605	12.0443	-44.4547	-12.6514	-22.4992	-31.9687	-15.8909	12.5944	-32.5186	-7.67169	6.52978	-10.733	-4.9575	
Iter 48: -10.0056	17.7838	-4.95383	-8.55419	-52.7092	-32.2591	6.54326	-27.064	44.2647	-22.2605	19.9003	6.27786	13.7832	40.9658	-33.7365	5.85142	-24.9892	22.9472	11.9242	-44.3714	-32.0048	-3.06299	-32.0416	-16.0057	-26.2682	-32.0277	-7.8554	6.4785	28.1383	-4.98708	
Iter 49: 9.43758	17.7831	-24.3592	10.8056	-13.0139	-12.8096	6.59886	11.7944	5.46728	-41.6894	39.3094	6.39919	13.6844	21.6087	4.91168	25.1781	-5.62718	42.2126	50.8726	-5.68525	-12.647	-3.00751	-32.0584	3.51741	-6.85267	-13.0235	-27.1038	25.9172	-10.785	14.3626	
Iter 50: 9.1907	17.9355	-4.86091	-8.53512	-32.2934	6.44959	6.62341	-7.63131	5.58522	-22.2071	19.8916	6.04861	13.7032	41.0635	4.62264	5.40278	-5.74165	3.62936	11.8667	-25.2939	-12.5449	-22.059	-12.646	3.45841	-6.56212	-13.1495	-26.8379	25.9317	8.63429	-5.1833	
Iter 51: 9.51636	17.8942	14.5672	-8.60489	-32.3925	-12.6972	6.57426	-27.0872	24.8254	-41.6636	19.7701	6.4125	13.7056	21.6155	-33.9828	-13.699	-5.61456	3.06425	31.4917	-44.5903	-12.5617	-22.4001	-12.7823	3.49641	-6.93023	-12.538	-27.0805	6.54193	8.60902	-5.10951	
Iter 52: 28.9763	36.8963	-4.81096	-8.25836	6.38121	-12.8784	26.597	-27.1699	24.9414	-2.54534	39.376	6.5944	-5.4913	41.2148	-14.398	6.02686	-5.5863	3.36991	11.7836	-24.6687	-13.0911	-2.83045	-32.2283	3.9065	-6.64325	-51.7854	-27.3503	42.8772	8.25826	-5.17131	
Iter 53: 9.39935	17.8519	-4.87889	-8.61063	-13.0593	-12.8577	26.0003	-7.63253	24.9137	-22.292	39.2285	6.4187	13.7292	2.24512	-14.4396	-13.5812	-5.63083	3.38081	12.0598	-5.57675	6.76563	-22.4841	-12.6262	3.47313	12.5796	-13.0835	-7.81624	25.9567	8.62746	14.3676	
Iter 54: -9.86607	57.1021	14.3191	-8.56766	-32.6029	-13.1903	6.78489	-7.27671	5.49662	-22.4936	19.717	6.41264	-5.7947	21.8451	-14.8119	-13.5338	-5.53013	3.34597	11.9685	-5.77055	-12.4623	16.4602	-12.3885	3.06622	-25.7288	-12.8607	-27.0867	6.63279	8.92398	-5.27153	
Iter 55: -29.4571	37.2321	-4.92059	-8.64016	-32.4249	-12.8338	6.61207	-7.6797	44.3384	-22.2634	39.2469	-13.0338	13.6098	2.21757	-14.5972	5.71577	-5.61378	3.401	12.0669	-5.66098	-32.1279	-22.4214	-12.6149	3.53202	-26.2429	-13.0486	-27.059	25.9411	8.60161	-5.04364	
Iter 56: -9.90932	17.8254	14.5458	10.8735	-13.0467	-12.7328	26.059	-7.6406	24.8057	-22.1332	19.8331	6.4287	13.6594	41.1772	-14.421	-13.6624	13.7438	42.0786	31.5173	-44.4925	-31.9409	-3.06131	-32.0452	3.5104	-6.88511	-32.5302	-27.11	45.6384	8.57344	-24.584	
Iter 57: -9.94391	-1.65976	-4.94054	10.7964	-13.0565	6.6203	-12.7925	-27.0766	24.8781	-22.1897	39.3003	25.8085	13.685	21.5395	-14.5033	5.67006	-5.6244	22.8148	31.491	-44.5524	-12.7242	-2.96432	-51.4173	-15.8232	-6.806	-32.4371	-7.67122	25.9503	-10.8548	-24.4925	
Iter 58: 9.05656	17.0045	-5.03348	-6.84545	-69.4387	-13.1662	7.51483	-26.7497	5.69996	-21.9015	19.7858	25.6584	13.6692	41.0835	-14.7396	5.38508	-5.22788	22.8888	11.8118	-5.71284	-31.5403	-22.7602	-32.5926	3.8162	-6.47681	-12.5306	-68.6474	6.75803	8.54664	13.9895	
Iter 59: 9.15962	17.6947	-4.85753	-27.8284	-13.117	-32.1144	26.1745	-7.50389	24.6855	-22.2771	0.515473	6.51723	13.4374	21.458	-14.2426	-13.7351	13.6694	3.33645	31.2566	-24.9865	-12.623	-3.03038	-32.0562	-16.1779	-26.1952	-12.9815	-7.78611	26.1314	8.82226	-5.02737	
Iter 60: -10.0052	-0.682341	-4.925	-8.64406	-51.9118	-32.2661	6.62241	-7.74511	44.3329	-22.1309	39.359	6.48403	33.1018	41.0393	4.88587	5.7404	13.7971	3.34286	31.5306	-25.1511	-12.6486	-22.3296	-32.1326	-15.8618	-26.248	-13.0131	-7.62569	6.44987	47.5018	14.3992	

Best Xs Fitness
901.036
870.882
873.349
904.042
885.366
893.531
886.577
897.737
890.565
879.438
912.437
854.746
904.064
892.55
877.729
883.739
891.645
867.421
865.924
868.682
867.687
895.595
873.634
885.595
873.66
895.221
880.635
876.065
892.541
893.322
883.125
908.655
874.667
887.562
878.613
888.043
929.75
895.993
889.549
894.135
880.701
884.652
884.267
898.665
880.089
877.942
872.665
857.272
887.562
888.092
875.842
878.707
901.522
900.335
881.606
861.788
883.606
884.445
884.913
871.155
