13-Dec-2018-18_03_38
 - Ran 758.275895 sec, min 2618.13


Best Xs
Iter 01: -5.12292	-1.85228	1.51619	-0.0757929	-14.8625	3.8277	-2.4452	-6.42219	-10.7722	2.3222	2.23399	1.02555	-2.42211	-0.904011	2.42669	-6.71627	2.8148	-9.41654	0.694405	-3.20396	-11.4207	-2.20325	9.49182	-2.08945	10.1006	-0.474929	5.18681	2.28536	-5.53186	-7.47096	
Iter 02: -2.80181	-1.6253	1.5289	-1.15095	-15.5222	-6.79652	-13.7861	-4.67608	-11.6026	-5.05316	3.29543	-0.5766	-2.05435	-2.67995	0.652256	-4.38388	4.83768	-2.4651	0.714722	-4.62288	-9.37903	-0.614381	5.43613	-1.46354	5.23105	-1.90511	7.86917	-4.1537	-5.56094	-0.537977	
Iter 03: -8.41369	-1.59804	-2.02054	-1.66016	-17.5536	-7.84621	-18.3079	-10.1053	-14.7118	1.36272	8.67891	3.82607	2.54877	-2.82781	4.91999	-4.61572	2.96458	-16.0182	4.04599	-5.32152	-11.3445	-0.4105	5.76631	0.787341	9.61422	-8.06864	8.10083	0.537695	-3.20332	-3.96591	
Iter 04: -6.13026	5.91729	0.964473	-12.566	-31.3503	-4.73117	-5.50343	-18.0615	-15.8246	-2.06568	9.82307	3.47425	1.95456	-2.18936	2.54127	-3.73889	3.1034	-15.5181	1.99695	-3.8608	-13.0933	-1.17205	13.2527	-4.67835	7.37168	-6.3963	7.48341	6.66317	-5.29251	-8.4796	
Iter 05: -4.61141	5.44357	-0.72976	-12.4999	-2.94574	-8.72573	-19.066	-2.65081	-12.6756	4.66196	12.7864	3.6962	-0.11044	-3.30384	3.10424	-16.9711	3.78133	-16.1919	4.52311	-12.7701	-12.2426	-0.785735	4.85873	-6.97173	12.2369	2.48915	4.23135	4.87618	-5.8712	-7.86455	
Iter 06: -4.2712	1.47569	-1.28648	-10.6318	-5.22272	-8.67828	-14.8936	-7.79008	-13.7381	4.19813	10.4131	0.956881	1.10583	-3.06663	3.23419	-9.70524	8.37071	-15.5277	2.18688	-6.17609	-12.757	-9.22382	7.33281	-7.36744	6.52438	0.157329	6.76805	3.93282	-5.74434	-7.53209	
Iter 07: -2.80979	0.0839802	-1.27194	-0.643005	-4.05674	-6.54432	-3.91711	-5.18072	-0.929096	1.86722	2.71891	0.395054	1.11431	-1.68135	1.78822	-1.03155	3.88411	-1.87651	3.19695	-4.15094	-8.74007	1.43126	4.00589	-2.78373	5.07603	1.08554	6.22343	2.53778	6.07813	-3.18046	
Iter 08: -10.7981	0.686849	-2.9744	-9.85283	-17.2244	-7.40169	-6.23711	-9.79806	-4.50069	6.16065	3.90964	3.56099	-8.52872	-3.15281	5.87167	-4.46353	6.51756	-13.7341	-0.997691	-4.16034	-11.7979	-4.75794	7.46474	0.22226	9.93406	-1.54271	7.61115	0.557477	-5.6828	-6.72915	
Iter 09: -5.18257	1.0131	0.922642	1.79003	-6.32132	-7.19902	-16.4245	-6.89675	-5.27404	-2.75577	6.12343	4.55607	-8.54109	-4.07225	1.8161	-8.01513	3.00681	-6.1875	1.90045	-3.72582	-8.57269	-3.47227	5.10305	-6.26438	7.37347	-3.82492	5.14354	-5.63816	-4.64246	-2.64103	
Iter 10: -4.65012	-1.54076	-0.675147	-6.64839	-0.639962	-8.05309	-0.366154	-7.69843	-13.4762	-7.1913	7.02575	3.71227	2.75281	-1.4319	2.72665	-3.71383	4.75948	-14.4609	1.46258	-1.07899	-11.1216	-7.40725	4.42936	-0.300695	8.04707	0.590203	5.81884	1.52501	7.91526	-5.01023	
Iter 11: -5.62989	8.72601	-0.593109	-14.6502	-18.0063	-11.6174	-13.3233	-6.9302	-14.5409	7.05146	5.39569	4.50919	-2.72911	8.39128	2.41656	-3.29339	3.48634	-4.63792	2.84633	-9.70092	-12.7258	-3.30078	13.7072	-12.1203	14.0189	-2.13639	9.10603	-9.19303	-6.64253	8.39404	
Iter 12: -4.5541	1.8354	-1.31749	-7.50999	-4.48457	-7.63329	-4.01695	-9.6929	1.52781	4.53376	3.01135	8.89961	-3.21145	-3.20836	4.71504	-14.4052	3.69688	-13.2302	2.11071	-4.30728	-12.4285	-0.610072	4.01179	1.07825	8.92518	-3.21331	5.32481	5.11875	-4.80726	-8.08212	
Iter 13: -5.98405	2.31389	0.0511574	-4.28451	-16.5319	-7.47832	-15.9186	-6.84184	-8.20899	-4.1603	4.28993	-0.0887853	-5.01113	-2.48645	2.99938	-5.54771	2.96999	-5.89146	1.47864	-2.90705	-5.86095	-5.02344	5.82915	-3.49483	7.98673	0.78547	3.19628	9.66656	-6.14125	-7.3259	
Iter 14: 11.5516	4.58713	-1.40948	-11.9086	-17.2444	-8.9536	-2.48513	-6.08096	-15.8453	3.08098	9.5638	0.366278	-1.0151	-4.01213	1.66333	-3.81778	4.61888	-2.81123	0.960967	-3.89548	-12.7294	-2.151	8.87848	-1.36279	12.3785	1.765	7.98613	0.686978	-3.84647	-4.94585	
Iter 15: -6.66284	-2.70079	-0.552816	-0.797295	-7.39308	-9.34609	-0.637131	-9.516	-2.04207	4.40729	3.85669	1.22309	-3.04362	-2.40027	1.74232	-7.20367	3.02098	-3.88318	1.88656	-3.46224	-6.30886	-3.18387	4.07046	-5.78404	8.80797	0.529466	7.44264	-7.64852	-6.41641	-7.03663	
Iter 16: -3.65015	2.47937	0.337754	-5.14604	-4.07407	-6.00507	-4.42649	-6.2519	-0.361179	2.03993	3.31178	5.42861	-3.63149	-1.93673	2.59891	-4.20722	4.08597	-10.536	1.19911	-2.10207	-2.72321	-0.216857	3.9998	-3.30421	5.29592	3.10081	6.3681	-0.577945	-4.68013	-6.89115	
Iter 17: -5.71601	-0.226436	-1.32797	-12.7927	1.3412	-9.31767	-11.619	-7.22298	-14.9623	1.07932	2.70871	1.159	-5.25441	-0.0885624	4.13209	-15.1163	5.80768	-14.8531	3.16479	-15.4391	-11.3916	3.74311	3.89337	-7.47613	9.34333	-0.952441	9.0685	0.427795	-5.71482	-9.19631	
Iter 18: -3.55038	4.32601	0.291626	-2.343	-5.08117	-8.90893	-18.5765	-7.79435	-15.5018	-0.793515	11.2038	2.67016	-7.62684	-3.43079	3.22118	-10.5469	3.62655	-1.96712	-0.634213	-4.49143	-12.8149	-11.5471	7.67085	-0.844188	9.29576	1.3391	6.74861	-1.32821	-0.306402	-7.8755	
Iter 19: -4.99066	4.15506	-0.251802	-7.70607	-18.2371	-9.21907	-19.3637	-5.96032	-15.4753	-6.00483	3.68323	-0.423135	-2.53589	-7.00373	0.00145519	-18.9204	3.42294	-0.0900785	-0.470814	-2.64948	-14.8363	-1.19903	3.27865	2.62221	3.60342	0.168284	6.32167	0.645413	-3.15738	-5.63822	
Iter 20: -4.05871	0.668661	0.997819	-11.7653	-8.08624	-9.23728	-12.7301	-14.6703	-6.35193	-9.088	11.2542	3.61169	-4.71962	-4.16898	4.51181	-9.62944	1.68153	-14.7557	2.54529	-3.11657	-12.3169	-0.0795968	5.39696	-2.98098	5.87322	-7.341	4.89512	8.4518	-6.53041	-11.6905	
Iter 21: -4.61149	2.07401	1.35588	-2.70668	-18.1875	-12.1287	-11.761	-7.61826	-22.5054	4.70013	10.7694	2.16287	-3.88544	-2.65185	6.11274	-7.65548	6.16271	-16.062	-0.740259	-4.24027	-12.7712	-4.82819	11.7176	-2.48235	11.822	-3.85687	7.22875	-7.29585	-3.11383	-7.27028	
Iter 22: -2.36123	2.46974	0.801278	-14.6144	-6.99115	-8.56482	-19.006	-8.90073	-14.8846	4.27138	2.5772	2.2423	-2.1774	-1.78766	2.78067	-3.60163	5.99485	-4.49413	0.812129	-4.54239	-10.1497	-1.33361	6.5823	-9.00434	9.27255	-1.69255	12.8163	0.47917	-8.2152	4.17389	
Iter 23: -4.90017	2.67824	-0.980901	0.747422	-7.21733	-6.47478	-6.27243	-4.0732	-4.9633	4.46805	0.312695	1.55038	-0.504252	-1.81275	3.46203	-0.419387	4.25221	-4.85945	1.51785	-2.77421	-10.0159	-3.47047	6.75628	-1.08466	-1.18968	-1.06708	4.5912	4.44239	-3.35521	-6.72141	
Iter 24: -4.7594	6.17396	0.249653	-1.43487	-10.4529	-7.36509	-15.5584	-8.26355	-7.98421	6.6787	2.57783	3.6651	0.323488	-4.41146	3.99615	-4.37054	3.77423	-15.6754	2.60435	-5.69404	-14.4216	-1.17051	5.62029	0.0815023	6.32585	-4.75214	9.52898	6.81694	-7.14744	-6.87652	
Iter 25: -2.35948	3.50633	1.00618	-1.6968	-6.01536	-9.04405	-18.4312	-9.117	-6.41148	5.59052	8.36682	2.00188	-1.2136	-1.03557	8.14172	-5.04657	9.52427	-13.6045	3.86085	-15.5739	-11.407	-0.600388	4.22439	1.34773	9.01183	-3.80884	6.35643	-3.56724	-3.88424	-5.16324	
Iter 26: -6.85082	3.61098	0.549861	-6.62209	-17.5147	-6.08123	-4.37921	-8.26253	-15.1412	4.71948	9.47554	3.87608	-4.42024	-2.29554	3.10536	-15.5766	6.90027	-2.16422	2.9973	-3.95931	-14.1062	-0.87772	4.38118	-6.28978	10.1968	-1.77702	-2.86716	4.60758	0.691667	-6.98709	
Iter 27: -16.0529	-1.20376	-0.141822	-2.57729	-17.2472	-7.53061	-17.508	-10.3911	-15.3559	0.368311	5.06923	1.65016	-4.44375	-4.57251	6.54812	-2.82305	6.5925	-2.13457	-0.213576	-9.25386	-12.3376	-5.91226	13.0874	-3.79773	21.331	-6.38664	7.15411	4.70204	-8.36293	-5.0583	
Iter 28: -2.05088	0.0890889	1.4665	-0.916711	-2.29512	-5.549	-16.5982	-7.63169	-14.8239	4.90083	1.52412	13.0555	6.44819	-1.70043	0.835942	-2.65025	-0.495852	-7.85624	3.76589	-3.60376	-8.02536	-1.32818	13.585	-5.61576	10.1916	-3.19923	8.47717	2.94217	-4.27537	-9.36059	
Iter 29: -6.4235	1.22417	1.26178	-3.12303	-17.3342	-9.46476	-18.0943	-8.06232	-6.97039	6.41331	2.33156	0.743539	-3.12033	-2.57536	1.99207	-11.5838	7.55612	-2.8495	1.59986	-5.04894	-10.5883	-0.0349442	2.93744	-6.67914	5.09467	-1.33989	5.08313	2.76023	3.01363	-8.73969	
Iter 30: -3.72499	2.81645	0.623524	-3.62657	-9.5997	-9.87154	-15.7333	-11.7552	-14.4727	6.7314	3.45693	1.62504	-4.02978	-0.0726704	8.85777	-4.5082	3.67332	-4.04261	-1.03243	-4.35611	-9.41251	-4.30301	6.62405	-3.06717	10.628	-0.742079	7.10762	3.80962	-7.9276	-3.36197	
Iter 31: -5.74594	4.76976	1.69623	-13.4646	-18.1736	-8.21236	-0.966541	-5.83934	-15.9215	-7.60365	10.1086	11.6943	-2.59854	-2.24586	2.42759	-2.66522	5.89451	-8.84874	1.86359	-3.00641	-7.86942	-0.313767	12.1035	-7.30859	9.54477	-7.66652	9.20359	4.54887	-4.03323	-7.00931	
Iter 32: 7.24797	3.21036	1.60109	-1.6492	-1.55489	-7.91012	-17.289	-7.0661	-15.2115	5.20863	4.2977	3.48844	-6.38472	-3.27718	3.58623	-2.42399	2.77083	-3.46353	-0.421756	-3.46675	-11.6764	-1.46606	5.43138	-0.286608	8.84389	0.706316	8.46003	-6.93438	-4.76047	-1.68205	
Iter 33: -4.59875	9.2075	0.410557	-13.6732	-18.4567	-7.97585	-14.5396	-7.46785	-13.281	5.92616	9.02069	4.25348	2.41049	-1.02145	3.08215	-4.00058	5.1348	-6.745	1.30388	-3.11561	-13.9821	-9.25428	16.3016	-9.75928	19.1775	0.318519	7.31046	2.92345	-7.35718	6.78849	
Iter 34: -4.98499	-1.53551	-0.279289	0.00112393	-2.68352	-6.35439	-0.615063	-5.28307	0.00184362	2.92234	3.94867	1.46667	0.744827	-2.89043	3.25107	-7.50043	3.35152	-3.4978	0.832476	-3.40001	-10.0499	-0.817264	4.36072	-0.900234	3.62586	0.0339312	5.41572	1.53481	-5.3586	-3.32827	
Iter 35: -4.08781	-0.715281	-2.27714	-12.2807	-3.98157	-8.74515	-5.20766	-9.61959	-14.2778	0.447154	2.37435	1.53518	-5.0793	-3.00056	5.56332	-2.57981	4.83004	-1.47452	2.24935	-3.71761	-8.96546	-2.03691	4.34851	-5.22684	8.06091	2.71498	9.39268	-6.17275	-5.02907	-7.31421	
Iter 36: -4.21374	0.183419	1.95012	0.409902	-0.915651	-6.37923	-17.335	-7.54141	1.5156	3.8842	4.04547	2.64547	-0.184088	0.312839	4.62341	-2.53912	2.84023	-3.01812	2.33419	-4.16883	-8.9868	-7.47827	4.99431	-4.48597	11.0384	1.75669	4.10648	2.5736	2.76881	-6.45166	
Iter 37: -4.66483	-2.65394	0.957535	0.854056	-18.2051	-7.9622	-3.48008	-7.7127	-14.8101	-7.31667	4.37827	1.66465	-1.68411	2.74596	0.555642	-7.35188	3.69677	-2.81077	1.26816	-4.44725	-6.41152	-2.18819	6.09475	-1.6319	21.2384	-2.83467	-0.530029	2.49369	-5.30204	-8.8601	
Iter 38: -2.0268	1.23816	-0.655229	0.221013	-3.06028	-7.45988	-0.924631	-5.88102	-0.328269	0.866528	4.42036	2.95534	-5.3143	-1.23555	1.64019	-2.75084	4.18494	-3.76184	1.87878	-3.76064	-4.6531	-2.21132	4.08733	-0.89095	10.3841	-0.732033	5.70396	3.23976	-4.41459	-7.0181	
Iter 39: -2.44247	-0.782142	0.194873	-0.701093	-6.88445	-7.39641	-2.69319	-7.65089	-12.1426	2.60343	1.38107	2.03958	-1.23687	-0.641081	4.07448	-4.41407	3.28276	-10.1096	2.1248	-2.27819	-12.1054	3.51944	6.63079	1.48115	9.61073	-3.41209	7.24005	2.68971	-4.04873	-4.87491	
Iter 40: -3.71434	-0.786073	0.332058	-10.7096	-3.95441	-7.19072	-0.626608	-7.61302	-8.41809	-6.2479	9.62369	4.07507	-6.08072	-2.28237	0.711457	-2.11532	2.41674	-2.77584	0.751812	-2.66568	-11.3346	-5.8636	5.35845	-2.67031	3.67897	0.749366	6.09245	-0.048204	-5.26197	-5.21871	
Iter 41: -6.63508	-0.57145	0.779794	-8.76931	-17.7503	-7.17115	-18.4232	-15.8204	-13.4992	2.61504	3.19565	5.03687	-9.24977	-2.94182	5.96812	-3.78063	3.40252	-0.541591	1.4933	-2.15666	-10.5706	-2.35317	5.27653	-3.90265	10.486	-3.83648	6.98937	-6.11928	-3.10959	-13.6032	
Iter 42: -8.30915	6.06676	0.0486493	-0.487432	-1.91627	-6.73602	-2.76835	-7.52917	-15.2446	5.19768	2.49789	0.033187	-4.68829	-4.44937	3.64418	-4.23963	7.52703	-11.678	1.12806	-4.68692	-10.2934	-2.92296	3.183	-1.52752	12.1303	0.330141	7.8283	4.13456	-5.62905	-5.4532	
Iter 43: -5.15503	-0.676626	-0.876756	-0.786438	-3.1934	-6.77293	-2.5723	-6.38415	-7.26955	3.66817	5.79006	1.69574	-0.0297459	-0.930088	-1.00849	-4.58289	2.33616	-0.0623716	0.748847	-2.57145	-9.63173	-0.473845	3.82229	-3.35223	5.51338	-0.508339	5.53984	2.6827	-3.88245	4.96757	
Iter 44: -19.3276	8.37135	0.342576	-9.37915	-18.2005	-8.49607	-15.9562	-10.2913	-17.2618	-8.19221	2.94079	-0.495697	-3.38099	-2.71894	3.16876	-4.32203	6.09153	-10.7066	3.93298	-3.03831	-5.56915	-1.04794	4.14902	-2.66966	0.663294	-2.37002	7.0552	6.21163	-5.89895	-6.49146	
Iter 45: -3.91295	2.87102	0.493459	0.0206674	-5.12864	-9.67741	-2.76987	-7.52737	-13.0665	-4.72197	4.68072	3.14453	0.50772	-15.3085	0.0402376	-11.4774	4.27057	-2.89476	0.962563	-4.38406	-10.4782	-14.059	14.6883	1.34705	12.5198	-2.54487	7.16881	2.52545	-5.42217	-7.81307	
Iter 46: -7.63939	3.75495	0.0710008	-3.58071	-17.9391	-8.39205	-14.5021	-8.01493	-14.4776	1.22374	5.95804	0.535839	-3.54325	-1.94083	3.71213	-4.05585	12.0707	-14.6782	2.56494	-4.982	-10.5801	-3.26209	7.90341	-0.0150754	8.07653	-8.99743	7.0797	2.30891	-4.82969	0.106315	
Iter 47: -8.02951	5.23976	-1.46927	-13.5314	-17.1266	-6.67858	-12.4408	-8.92781	-16.0434	7.74897	6.01264	8.46838	-2.56364	-3.6101	2.10025	-3.50862	4.70859	-1.91948	3.96824	-0.721829	-13.1847	-9.2562	8.20637	-9.18399	19.5381	-2.47535	7.8393	0.680551	-5.90887	-0.34146	
Iter 48: -5.67506	3.27966	2.45479	-6.82932	-16.7572	-9.19037	-0.200541	-7.56758	1.27757	2.41783	11.7502	3.27412	0.812352	-2.26952	4.59862	-5.93405	7.06398	-18.8034	3.35921	-3.6819	-14.2645	-1.51928	8.6895	-8.1882	7.21336	-3.7438	7.39362	-8.7303	9.38758	-9.91546	
Iter 49: -5.93724	-0.565306	-0.713954	-8.97275	-17.5605	-8.06635	-9.88142	-9.21671	-13.6407	-9.73808	4.03235	5.87601	-3.99999	-2.14035	0.642424	-12.4181	3.69126	0.828167	2.40846	-5.86963	-1.79229	-0.986087	7.32861	-3.79788	7.2373	-0.809864	5.43374	0.00719068	-6.6901	-8.29273	
Iter 50: 1.54751	6.12269	-4.49117	-13.8379	-18.3834	-9.00082	-19.3154	-8.44338	-15.7017	7.98187	3.7435	8.45593	0.92058	-2.71631	3.35203	-7.36076	0.446658	-16.5929	-0.393994	-3.32881	-11.9751	-2.37417	8.14241	-7.36478	3.72394	0.588417	5.77549	2.23546	-2.82955	-7.73465	
Iter 51: -13.9588	5.1065	-10.3099	-11.9748	-17.6271	-8.94134	-4.79634	-8.94111	-13.4695	6.93942	8.62325	7.36435	2.51919	-0.871986	2.56492	-19.2218	4.70913	-1.29183	0.966413	-6.38829	-12.138	-4.35815	6.08456	-1.27691	9.20316	1.80208	6.81394	4.46159	-2.15089	-6.37658	
Iter 52: -4.51424	4.21119	2.62487	-10.051	-16.5018	-7.69631	-5.32364	-7.56772	-8.45902	5.52662	4.6472	-0.463122	-2.95771	-2.67607	2.06282	-2.9	4.97152	-5.00395	3.03844	-14.071	-12.6256	-4.58476	4.34471	-4.11529	0.272654	-2.9312	6.09765	8.23708	-2.00532	4.43782	
Iter 53: -3.64891	5.24816	0.179709	-17.8851	-3.10859	-8.57166	-19.396	-8.67156	-12.023	3.38309	5.12734	1.00327	-3.64498	-1.14472	10.921	-2.96615	2.22035	-16.8287	2.38182	-4.18455	-11.8705	-4.93762	5.19243	-3.33785	7.67482	-6.35216	8.7022	15.827	-3.8334	-6.19854	
Iter 54: -2.44857	1.05846	-0.415695	-12.8607	-3.19596	-8.43693	-6.43575	-9.00735	-13.6598	6.71444	3.40904	3.45723	-3.67871	-3.48621	0.919758	-0.688638	4.27936	-14.7331	3.96882	-4.93322	-10.2196	0.900343	5.23425	-7.59523	12.0258	-1.99198	10.7226	-4.63074	-6.90118	2.12719	
Iter 55: -2.5406	5.73559	-1.31321	-8.81978	-18.3698	-12.9816	-5.90535	-7.36459	-15.7235	6.05678	10.8486	1.38705	-1.1253	-2.29878	1.50476	-4.45603	8.49837	-2.80588	4.63646	-2.81111	-8.01922	-0.0974892	5.28335	-2.82396	10.2464	0.316369	7.95886	-9.87184	-6.4714	-5.73731	
Iter 56: -5.95422	-1.86316	0.0130075	-4.37138	-12.8385	-8.67333	-10.0239	-6.90825	-7.7788	0.989869	3.1434	4.62121	-2.9641	-2.02835	0.734983	-15.0666	4.02024	-3.22874	-0.730182	-6.46822	-0.209622	0.11442	1.51071	-5.21928	3.69886	1.36293	3.78917	2.62066	-6.74628	-8.31062	
Iter 57: -5.26226	3.96237	0.143058	-5.25957	-18.7957	-7.77077	-12.3195	-7.43213	-12.3012	6.94567	6.57046	-1.16437	-2.29789	-0.643248	5.06718	-6.02484	5.02842	-11.7866	5.36977	-5.30144	-5.52429	-11.8275	14.0355	-4.3061	0.208466	-4.17704	8.52277	-3.31715	-7.05227	-5.7351	
Iter 58: -4.80281	-1.88517	2.64345	-10.1411	-1.53701	-8.62552	-3.75945	-8.49269	-11.5755	2.80936	8.67763	2.69241	-1.03653	-2.68697	1.74902	-3.84193	4.70478	-2.24193	2.85714	8.5071	-12.1668	-3.78804	4.78925	-4.39405	9.22721	-7.38691	9.0672	3.68076	-5.8727	-7.43507	
Iter 59: -17.6608	1.43677	-2.39827	-10.9983	-18.1695	-8.36794	-10.9557	-8.86811	-9.46084	-5.31526	3.87356	2.84847	-1.29512	-1.02382	3.88575	-17.9777	5.59926	-18.7019	3.55713	-3.13189	-13.4924	-2.70164	4.89375	-5.34829	10.0442	-8.84624	7.82053	5.47624	-2.77878	0.48695	
Iter 60: -7.29239	9.8672	-0.224148	-14.8433	-18.1326	-10.31	-9.29652	-6.48677	-15.8424	4.53915	7.49097	13.7332	0.694852	-2.36966	3.91543	-16.2869	5.4297	-16.2817	1.34765	-3.93519	-9.84864	-4.28399	3.53546	-6.73134	10.7879	-4.41085	10.0115	-6.78547	-3.53871	7.32584	

Best Xs Fitness
2625.03
2626.3
2627.57
2631.61
2630.32
2627.53
2618.89
2627.31
2627.04
2626.75
2630.66
2625.97
2628.1
2626.63
2621.44
2621.89
2628.75
2627.4
2627.88
2629.73
2630.56
2626.78
2620.65
2626.29
2629.48
2627.83
2630.4
2629.76
2626.83
2627.39
2628.19
2624.85
2629.42
2618.13
2623.64
2624.55
2627.18
2619.13
2623.48
2624.1
2628.64
2624.18
2619.67
2630.79
2631.79
2628.06
2627.63
2628.99
2627.65
2629.15
2629.95
2628.7
2630.4
2626.9
2626.94
2626.86
2630.6
2626.14
2629.41
2629.46
