13-Dec-2018-12_37_59
 - Ran 449.589054 sec, min 473.848


Best Xs
Iter 01: -123.725	-10.0743	-94.1555	-44.5576	12.5508	-26.2286	8.7706	36.4004	20.6454	12.3857	-3.17325	25.0437	128.101	11.6173	35.1178	38.4844	-36.2149	61.2073	-77.1021	-38.1078	-48.2908	30.193	32.8769	32.4658	-99.8778	-75.2036	20.8406	31.9733	33.2289	-14.2121	
Iter 02: -117.604	6.95432	-87.2617	-49.6875	14.0484	-23.9132	20.0049	55.1039	16.3962	-0.669079	-10.6997	11.2295	119.828	4.0199	32.8032	13.3084	-28.4486	69.2132	-65.3478	-45.9185	-34.661	13.8269	43.7365	25.7227	-83.382	-74.2373	29.0667	3.16286	41.4898	-14.5936	
Iter 03: -84.2292	-7.21805	-75.7915	-45.3325	-0.403037	-31.6268	35.3075	59.592	7.13388	-32.6734	1.97685	23.6691	109.15	1.5828	47.3146	21.0271	-35.3893	64.1546	-39.4511	-22.1536	-54.5097	-4.83444	42.4145	22.7392	-92.0493	-59.557	2.89318	0.600092	31.789	-16.3455	
Iter 04: -92.7421	13.1174	-75.9691	-49.7597	2.85072	-24.3973	26.0289	56.7684	22.6848	-43.1553	11.2783	2.15046	95.4789	9.58733	33.2121	-1.31031	-29.2434	63.7242	-57.8872	-48.3986	-51.7545	-2.34596	54.9013	30.0144	-91.6025	-48.4916	5.2747	-4.83725	27.3739	-5.32541	
Iter 05: -98.7501	3.16181	-74.9125	-47.4249	2.16483	-31.4972	10.6029	58.9513	15.7028	-29.7229	-3.09762	26.9774	104.747	11.0421	44.0051	-3.13436	-48.9763	59.5577	-49.6749	-11.2968	-58.8098	9.42326	41.5776	24.5747	-102.876	-47.6852	3.57963	4.68537	30.2014	-6.68472	
Iter 06: -140.863	11.0111	-89.7668	-58.32	9.48378	-25.2824	2.88956	41.6456	26.5843	8.71472	-6.94226	29.2111	117.286	16.5726	38.1249	4.1246	-33.4112	58.3452	-79.7831	-30.5227	-50.9581	26.896	41.0036	33.9782	-91.9791	-57.0655	21.755	12.0402	39.2345	-12.5257	
Iter 07: -132.021	3.05152	-89.179	-55.9357	5.99107	-28.9674	2.09864	41.528	27.0542	15.5046	-7.11262	28.9444	115.844	16.1095	38.8302	8.68452	-32.8372	61.3406	-62.6067	-19.4661	-48.9779	22.0461	42.7353	26.9908	-89.8827	-52.9035	13.6239	6.38839	34.098	-11.1163	
Iter 08: -88.3185	9.43761	-84.7239	-54.3995	8.38667	-30.231	39.6132	48.916	10.4247	-18.824	-16.1257	19.5329	105.242	10.2164	57.5473	8.73039	-29.4162	53.4356	-40.982	0.372162	-43.3773	-1.43707	32.0898	19.9912	-77.4219	-47.2631	19.3712	1.0279	34.1926	-4.64959	
Iter 09: -108.223	3.67498	-75.1304	-53.0027	4.71227	-30.4036	32.3453	39.8027	20.4172	1.30628	-12.9511	22.2608	108.573	-0.772558	24.8876	13.7146	-19.9757	64.85	-40.2303	-1.07477	-37.5761	-1.25837	54.6913	14.9171	-76.2379	-60.4545	13.1851	-8.68121	32.249	-13.8405	
Iter 10: -124.597	0.85071	-88.436	-67.8274	-4.21888	-27.7644	17.6698	48.8024	7.72291	12.6621	-5.12306	16.7378	129.142	-8.96011	38.9755	20.3568	-8.62716	64.4236	-52.1152	-23.1501	-46.4418	2.95034	42.5525	21.0429	-82.3161	-65.8126	14.2099	-11.4028	43.6577	-27.0508	
Iter 11: -107.485	0.365132	-76.4386	-41.5027	12.0104	-27.6489	30.9218	59.2652	20.3926	-5.6111	-19.8481	19.703	107.463	3.72706	24.5272	25.2291	-38.1308	73.0365	-65.1591	-28.3798	-40.408	13.3565	56.1074	20.3482	-78.707	-74.0722	30.1102	8.8364	44.9031	-16.431	
Iter 12: -92.3938	14.7916	-54.3861	-67.8496	4.88413	-29.4752	32.2343	61.2852	2.70446	-27.9603	-24.3496	0.895496	109.996	-32.783	18.8877	8.41884	-19.4564	70.4622	-40.7215	-0.455264	-30.8256	-1.78183	60.3981	8.98631	-70.8171	-71.3357	21.4261	-7.14182	40.2519	-21.3178	
Iter 13: -96.4747	10.1281	-74.1119	-51.9415	12.7813	-28.8888	35.9725	51.0479	25.262	-38.6964	7.22447	8.5589	90.6104	-4.50096	13.4354	10.848	1.27597	68.3304	-36.6752	-64.0743	-33.4342	3.59853	66.3329	23.5882	-72.0479	-58.9274	28.9898	-15.0045	36.8305	-14.9444	
Iter 14: -102.408	8.27233	-72.8338	-60.0246	1.22522	-27.4815	-6.05233	58.3352	6.01473	-24.7271	-13.7724	8.2376	117.761	-7.70205	42.0257	-3.99102	-37.5653	51.3938	-46.7918	1.51307	-48.236	52.8559	34.2946	18.2861	-105.05	-57.3391	12.0358	-2.10763	31.0209	-10.7934	
Iter 15: -129.372	10.5561	-85.3604	-66.505	-0.536218	-29.784	18.9671	45.6157	18.3238	4.4988	-11.2428	21.9423	116.754	-1.17697	41.6853	13.9271	-17.3723	62.7023	-50.3274	-19.0877	-45.8256	4.86063	51.6969	25.3918	-80.7948	-55.7697	19.5504	-15.751	42.0557	-20.9245	
Iter 16: -114.717	10.5918	-71.507	-60.947	11.3184	-25.8102	24.7844	65.5821	16.4214	-12.9778	-22.4815	14.5984	105.459	-3.66475	26.7615	12.6746	-23.3272	74.2089	-48.6475	-36.037	-36.5339	10.9422	63.6891	18.1037	-76.5624	-61.6255	28.1788	-6.19033	48.1588	-13.7557	
Iter 17: -92.0946	13.2168	-68.4594	-51.7307	1.97053	-32.169	25.6038	62.589	12.3052	-32.8272	6.70763	17.8123	107.11	-4.03416	28.7034	-2.13646	-42.7965	69.3798	-43.126	-37.63	-48.0727	-4.02304	55.9989	24.7958	-84.3835	-64.3218	1.45454	1.45875	29.8984	-13.3707	
Iter 18: -87.9889	-4.59498	-71.8299	-55.2503	-6.11408	-29.5603	33.8912	62.8863	-0.978938	-39.5241	-0.174382	18.4975	111.589	-13.7315	45.6636	15.5776	-23.6571	64.8693	-34.7667	-23.1468	-55.7026	-7.36512	43.6276	17.3543	-89.1042	-59.1791	3.80381	-7.82482	37.4811	-22.3228	
Iter 19: -74.3377	7.86448	-90.5647	-46.3927	3.6874	-30.8339	41.6984	50.7384	12.7987	-51.6505	19.6968	12.9242	92.6749	16.5673	56.3057	6.34448	-16.8593	53.3081	-38.9483	-50.6844	-50.7882	-8.17377	32.5698	27.0682	-82.313	-40.9832	5.99037	-3.94118	25.6073	-3.91793	
Iter 20: -92.2506	18.9054	-65.0324	-50.7038	3.14961	-30.0276	22.1248	66.211	17.6479	-26.5005	-4.09481	17.414	106.42	2.19342	27.137	-5.54028	-56.9064	70.802	-53.8793	-24.0579	-46.7545	-3.08353	55.7145	25.2956	-84.9635	-66.0528	1.99035	7.83346	30.6501	-7.58787	
Iter 21: -89.2017	12.9756	-85.2387	-51.8964	9.85998	-35.3053	10.758	45.8905	33.9239	-47.8333	23.2743	28.8974	84.7008	31.2853	45.9115	-7.71475	-24.2802	42.2699	-40.3812	-55.1514	-59.6121	39.2254	38.4066	41.1589	-91.8893	-22.1215	7.88752	0.257752	21.8406	9.49522	
Iter 22: -134.169	-1.26939	-87.6017	-53.4022	11.8975	-23.8014	9.35782	65.8225	15.0793	9.75565	-35.9918	14.6067	121.963	2.83909	36.585	21.2775	-34.0841	80.4692	-69.7417	-29.9539	-38.1329	22.6313	45.5206	26.3602	-88.4636	-78.1645	23.9651	8.92897	50.2172	-19.4493	
Iter 23: -95.3407	-13.8775	-82.0214	-28.1959	12.2864	-32.0915	12.0306	46.6136	29.1722	-48.2411	18.4812	30.1134	85.9086	21.1592	31.9702	7.13437	-32.0525	60.382	-49.8115	-55.6595	-62.897	21.662	47.9647	34.6081	-108.489	-47.8545	3.57465	14.3126	21.5424	-6.86742	
Iter 24: -95.8639	2.14734	-68.2476	-51.2971	8.61276	-29.9148	31.8623	57.0468	11.4979	-21.959	-21.6017	17.3646	102.579	-8.40714	28.4083	8.97663	-36.2433	67.3307	-38.7761	-2.47813	-38.6514	1.88212	59.0455	14.1733	-83.3331	-60.3178	17.1134	-3.34643	35.6939	-16.5275	
Iter 25: -75.9948	13.1792	-83.9796	-54.1857	0.864325	-31.1013	43.1832	55.8995	2.23331	-28.0945	-0.90604	18.5606	109.616	6.04063	63.8982	5.24247	-39.5917	53.3083	-42.6762	-17.8668	-48.6083	-12.0436	25.7406	19.3149	-75.9299	-50.1656	5.9787	3.16223	30.2296	-6.45707	
Iter 26: -126.55	-10.196	-85.2205	-46.4535	11.684	-30.1602	5.02318	35.0056	26.707	4.65005	-16.589	32.0217	101.089	17.4603	34.0623	13.3808	-26.6134	60.6456	-51.6352	-0.993399	-48.9337	29.8428	50.9571	18.3236	-101.255	-49.0142	15.5158	6.99879	29.4741	-8.66638	
Iter 27: -100.809	9.66066	-70.7011	-55.5631	5.28655	-28.2897	28.2737	55.6731	8.32139	-14.684	-20.1528	9.55493	113.544	-14.1681	28.5879	8.25015	-34.5239	68.888	-47.3632	-4.62971	-35.4356	-1.69948	52.8767	17.4034	-77.6904	-69.7516	13.947	-2.98249	36.6084	-19.8293	
Iter 28: -83.0895	6.82791	-61.6087	-48.42	-4.05641	-30.5043	35.6848	62.2813	9.33767	-33.0088	-2.28327	15.226	111.495	-15.5719	22.7998	9.48898	-40.392	70.1378	-47.3574	-20.166	-46.7134	-8.59476	51.7747	21.658	-74.8682	-74.0165	2.46109	1.5897	35.922	-23.3025	
Iter 29: -110.709	-1.42453	-84.6372	-47.7356	14.1551	-29.449	23.5073	47.2601	29.1804	-29.3311	7.29249	18.7844	92.075	10.6788	26.2653	13.3343	-2.34834	62.6551	-37.5552	-61.9671	-42.8546	19.1227	60.2536	27.8669	-91.7211	-48.9863	39.2326	-14.2053	34.1432	-9.21396	
Iter 30: -130.887	-21.2121	-84.4216	-54.0757	12.8997	-20.9828	-27.3378	64.9308	9.31406	5.20422	-32.1247	8.15232	129.182	-5.28449	36.297	26.2465	-27.7004	75.4518	-65.5728	-27.6585	-35.3666	17.2248	32.3615	23.7702	-99.1134	-63.8333	27.2093	0.237819	50.1968	-20.4191	
Iter 31: -101.688	0.243882	-70.2396	-45.788	-0.575141	-34.1488	29.4397	58.5545	17.746	-8.19365	-10.167	19.2343	119.287	-3.38599	26.3502	15.0803	-46.9848	70.4028	-69.0687	-15.9003	-48.908	1.56919	49.4407	33.2724	-76.0172	-72.0011	6.98671	8.83856	38.5426	-20.8176	
Iter 32: -89.8339	12.6386	-61.4189	-50.9961	0.463757	-25.1999	31.0544	66.214	15.1762	-29.897	-13.2967	6.40744	102.401	-7.05653	22.5354	1.72617	-47.2136	74.3136	-57.6368	-13.454	-44.1347	-5.01048	63.6153	21.197	-75.5094	-66.2033	3.87285	1.36229	34.3706	-16.3411	
Iter 33: -90.5477	3.55464	-75.6719	-46.9448	-0.29257	-29.7637	12.3273	59.8275	5.42206	-31.4578	-0.5742	16.5303	114.74	2.81665	46.2749	-3.26672	-49.2414	59.26	-50.3922	-12.8757	-54.0685	2.58312	33.0354	19.9768	-102.107	-57.0288	2.2313	7.34396	28.4909	-8.38499	
Iter 34: -77.3148	1.74362	-59.7491	-46.4771	-3.43465	-26.5337	38.6856	63.9376	4.80296	-43.7189	-10.6102	1.20355	101.269	-18.0001	28.8185	7.87621	-38.3867	70.2249	-48.5405	-3.97488	-46.2084	-10.9763	56.0761	14.0425	-81.7625	-65.4004	0.670056	-2.85892	30.9592	-23.0318	
Iter 35: -94.0576	6.89744	-71.0688	-50.2453	-3.14019	-17.9775	26.4391	63.3704	19.343	-42.4856	-0.00889045	-2.58439	92.1591	4.91389	33.5184	2.88946	-31.518	69.9387	-63.7835	-31.6272	-55.2387	-2.35613	63.2658	24.7325	-86.6513	-49.8354	3.11395	-7.14132	32.0998	-13.2667	
Iter 36: -102.321	21.9273	-64.8247	-55.5048	7.68107	-36.3676	9.7835	59.779	25.2584	-17.7199	-0.854361	23.1361	105.66	11.392	29.0734	-12.5582	-63.0667	65.7676	-66.7346	-31.1992	-50.8519	8.38973	53.617	32.6812	-93.8714	-58.2681	3.99946	17.0241	28.0157	3.63536	
Iter 37: -109.946	8.92735	-78.2437	-63.2002	-2.12472	-22.6698	32.2842	51.6086	10.8344	-18.3007	-2.83826	-1.40304	111.342	-12.0789	35.4572	13.6001	-10.0929	66.02	-56.1692	-34.6709	-41.4433	-2.34389	55.9033	19.0928	-75.223	-58.3896	17.3545	-16.5249	40.7503	-23.7213	
Iter 38: -87.1149	9.61389	-65.746	-44.3182	-1.15433	-23.9077	26.4181	64.4766	10.5253	-30.185	-6.50741	10.6864	114.895	-7.52237	27.1643	4.12113	-48.1099	68.867	-52.8548	-13.1542	-46.0801	-4.45894	46.5681	21.1346	-81.9118	-77.4935	2.24354	7.51808	31.1759	-18.0716	
Iter 39: -103.423	17.3272	-69.0417	-50.1818	12.0661	-31.1393	23.3893	53.5734	25.7396	-8.0046	-21.3368	20.0519	106.445	5.48985	20.3685	-0.0407718	-49.4819	66.9987	-56.6295	-1.23538	-37.4923	6.8322	57.8051	25.6228	-79.0872	-68.4251	17.8008	8.9043	32.5642	-6.26245	
Iter 40: -110.807	2.06467	-73.4524	-54.2335	4.0908	-30.473	-4.36231	63.5249	15.6785	-24.3635	-4.26056	23.1665	108.895	7.44103	36.2817	-5.10389	-47.3654	61.0364	-53.668	-26.4869	-56.0266	40.9468	50.2632	26.9956	-108.982	-48.671	6.4837	6.28837	31.1979	-6.32361	
Iter 41: -84.5138	19.3789	-69.2046	-67.4632	-0.204932	-34.0194	30.0703	59.9767	5.50493	-37.6227	-11.0007	16.3634	103.596	-6.87613	50.0577	-3.71527	-30.4783	60.9447	-29.6978	2.60071	-48.1393	-8.97545	46.3501	16.2608	-84.6733	-46.9859	5.92937	-9.56459	30.9712	-9.7136	
Iter 42: -123.367	13.1571	-78.0966	-57.8152	15.1059	-26.7475	-3.96985	56.4335	19.7418	-1.68454	-28.4851	16.5861	112.853	9.33684	29.4892	-4.3767	-43.2642	63.4598	-62.6901	-5.06076	-41.8746	34.4448	49.0909	22.0956	-100.857	-62.8188	35.7648	12.2111	36.6867	0.194119	
Iter 43: -101.595	-7.29105	-75.5497	-34.0875	8.51165	-26.9772	12.2386	54.445	17.9617	-22.0389	-3.96108	27.0878	108.267	12.9362	35.2069	10.1509	-59.6063	66.7558	-74.1408	-20.7489	-57.318	17.6475	41.9687	28.4224	-104.42	-70.4317	2.1319	31.3814	26.2484	-9.74989	
Iter 44: -82.4605	6.18022	-62.7551	-62.9727	-0.687703	-32.0097	30.506	61.2542	0.0905746	-61.6921	14.4075	12.8386	96.1461	-27.4517	28.045	1.26578	-7.64447	67.619	-16.7442	-48.8647	-48.135	-9.88289	63.2933	14.9884	-90.0927	-51.1988	1.80468	-16.8487	31.1414	-21.2426	
Iter 45: -102.253	7.01971	-69.8414	-61.0842	5.03283	-27.5132	35.534	52.8456	5.18313	-9.77744	-3.0562	8.66233	115.93	-25.1324	24.8632	17.486	-18.9682	68.9476	-39.4543	-40.5208	-31.3796	-0.771292	53.7404	12.9134	-70.6574	-69.634	22.5005	-9.72305	41.2737	-26.5255	
Iter 46: -85.2971	29.7146	-87.4426	-56.5357	2.35355	-29.1799	30.6484	53.3755	5.72961	-19.372	7.18684	17.2539	116.093	12.4842	61.8396	-7.28697	-48.1474	49.9918	-54.0645	-29.7062	-45.7821	-6.03811	20.0484	22.3521	-72.9908	-55.5267	8.32839	12.6196	28.9155	0.411731	
Iter 47: -98.5904	12.9541	-77.9398	-45.4423	5.51525	-30.3094	17.3607	56.066	18.026	-21.8474	8.3873	18.2847	110.397	6.13841	29.9009	-1.0145	-46.3594	64.8522	-57.9099	-43.7984	-47.3806	3.31786	48.1863	30.3591	-88.277	-69.1561	5.70142	8.80374	28.0718	-8.9602	
Iter 48: -79.5224	10.6402	-80.4353	-52.8594	1.13169	-31.129	37.3916	54.9361	1.56342	-29.5772	-10.0772	16.3825	108.692	2.25408	58.7228	1.92817	-41.2188	55.2983	-40.085	5.71688	-46.7902	-8.06128	31.925	18.1153	-82.9081	-50.092	6.23073	1.60236	28.1404	-6.74569	
Iter 49: -91.1124	-9.27572	-64.6104	-42.7291	5.3518	-34.1982	3.3154	58.3858	9.50868	-34.2917	-14.8799	23.2583	102.408	-3.78604	34.093	1.1111	-49.7528	58.2959	-38.2266	8.40228	-52.6183	39.7837	47.9388	21.4901	-106.391	-52.9278	3.08566	8.2124	26.0709	-11.8154	
Iter 50: -115.506	10.8899	-75.0959	-59.6023	11.1406	-31.0161	22.706	42.0755	28.4906	-0.454311	-19.8775	24.1062	101.185	7.807	29.6085	5.40941	-27.4697	63.5433	-44.4905	-0.843758	-40.3291	8.41361	62.6346	21.6984	-85.2007	-49.9812	19.4397	-8.43793	33.6849	-5.28896	
Iter 51: -84.4561	20.0867	-60.7507	-57.7084	2.30741	-29.5959	24.7378	65.1237	6.37419	-32.5077	-16.9386	9.02841	109.428	-14.3392	27.1607	-6.71279	-47.4945	68.0155	-42.0008	5.0413	-41.2269	-6.83827	54.57	17.5681	-82.7124	-68.1539	3.42274	2.72197	29.492	-12.4713	
Iter 52: -145.863	4.31325	-89.2655	-53.7596	23.7345	-24.6029	-6.03821	58.9098	26.6327	13.9943	-34.6582	25.8682	110.966	17.4416	38.5683	12.3463	-43.8003	72.2347	-88.0884	-23.4494	-48.0091	43.7957	44.8926	29.7864	-95.3401	-61.1963	26.6078	26.1879	45.4575	-10.264	
Iter 53: -85.2722	17.6413	-52.9057	-62.1128	-0.113803	-33.3629	30.7875	63.1936	13.9826	-38.3785	-11.7491	18.1076	98.1491	-17.2871	23.2876	-3.8981	-38.4746	70.5074	-29.9392	-3.32687	-47.1946	-9.04759	66.4357	20.4463	-79.4318	-55.4826	2.16577	-9.01597	32.2204	-15.2311	
Iter 54: -90.0699	-2.94215	-81.5482	-48.8207	-3.35664	-20.5056	23.3282	56.6343	4.52258	-28.7347	0.952629	6.13317	113.451	5.28943	55.1153	10.3383	-40.756	55.9885	-61.7584	-21.7408	-54.3598	2.72943	28.5559	20.4404	-95.639	-48.9536	5.32182	6.25315	31.1376	-11.6165	
Iter 55: -93.2198	-1.80565	-74.5208	-46.3098	12.0004	-30.1	39.9491	53.0857	20.2909	-44.3324	8.50283	14.1227	88.155	-6.61887	16.7084	17.3833	4.70855	66.8311	-27.1667	-63.2265	-37.904	7.67035	65.191	20.0013	-78.2258	-56.5725	36.597	-15.9501	36.6195	-17.9405	
Iter 56: -93.7139	-5.34231	-90.5192	-39.4716	6.81222	-28.3527	13.6395	49.8649	22.5488	-46.9417	17.2883	10.2908	94.2801	20.276	45.1186	8.65938	-17.6335	56.1792	-51.7385	-58.7072	-54.3721	10.8647	33.6585	32.6876	-102.149	-42.1742	6.75813	-2.0826	24.3762	-6.22913	
Iter 57: -79.3835	1.49366	-60.8623	-39.1326	4.10566	-26.2168	32.671	60.5914	10.1701	-25.3067	11.394	9.4315	109.569	-6.29483	32.0921	6.09171	-64.8087	71.0262	-54.3835	-45.1516	-43.9711	-5.61985	48.7996	14.833	-88.5924	-73.5065	0.350773	10.7553	26.1799	-17.4448	
Iter 58: -139.955	7.6088	-87.3927	-58.3716	9.76476	-25.8598	-9.76016	36.7212	27.673	20.1263	-15.3075	24.6151	114.787	17.0216	32.7252	1.32805	-32.3467	62.2576	-69.1113	-5.02115	-48.0541	26.7795	43.8074	24.0693	-98.0097	-52.7042	11.8979	11.8082	30.5932	-3.65614	
Iter 59: -104.89	10.6098	-71.0234	-57.0921	5.3896	-26.2716	30.3675	62.8537	7.68497	-9.89045	-16.6551	7.20659	117.179	-19.2251	22.0173	15.7909	-24.5477	71.8565	-51.6927	-33.4581	-31.0588	7.82648	54.342	14.8076	-69.357	-80.356	34.1787	-1.92668	45.7336	-23.3302	
Iter 60: -106.484	4.06046	-72.4076	-58.5997	4.05835	-28.4011	31.3549	56.3399	7.39094	-14.542	-15.5265	13.1186	111.619	-15.2163	28.674	14.9247	-18.0286	67.7508	-42.8697	-17.9609	-38.2698	10.0719	56.8633	12.7461	-77.6707	-66.0637	37.8817	-10.8559	43.2243	-21.2053	

Best Xs Fitness
519.478
557.45
569.325
555.849
549.427
520.745
545.317
565.875
628.445
562.06
573.859
602.028
586.004
571.877
577.748
577.207
559.973
576.857
497.117
545.524
519.525
507.127
508.671
610.476
504.551
590.099
587.944
565.934
587.201
529.229
567.001
567.878
540.372
579.268
583.043
525.03
603.238
552.386
583.175
545.854
560.131
553.39
509.096
574.304
595.863
489.146
552.187
523.108
579.801
620.532
554.617
473.848
584.721
552.336
591.845
536.531
553.807
534.803
566.805
601.992
