13-Dec-2018-12_37_59
 - Ran 492.543141 sec, min 1201.65


Best Xs
Iter 01: -2.05062	8.74295	-47.4778	-68.8728	23.2592	46.7743	69.1393	88.457	35.6194	-22.0062	-59.4892	-186.451	-80.9176	-46.3922	18.8687	-33.6394	46.4649	111.076	-18.1758	64.2809	-104.845	-9.46361	-70.7775	-31.4383	-76.7867	-14.2384	-112.489	-121.074	-68.7595	181.212	
Iter 02: -54.313	-17.9789	-107.091	57.8168	-90.0238	-101.737	-113.684	-79.9028	67.8563	-8.14184	-29.0829	-112.861	-152.387	33.1017	-24.6902	-137.863	36.9808	17.7909	-123.642	98.808	-36.3093	-66.447	43.9032	-120.755	-60.8938	115.318	13.5622	52.2554	-51.2714	-15.8859	
Iter 03: 40.366	-76.3926	-31.0401	98.4526	-41.2955	52.7784	35.1437	53.5838	-15.9893	55.4246	43.7762	27.4647	-71.9191	-202.173	-140.089	-6.80057	56.7543	66.6315	19.9046	46.7825	63.0882	-175.711	21.7827	8.74337	11.4656	-6.78911	93.0049	98.3783	-65.8763	-65.5002	
Iter 04: -25.6696	6.58048	37.3953	52.1015	46.922	5.03984	-35.3603	-1.22147	-42.2285	57.443	22.0304	7.65153	-10.1141	-50.5509	51.5287	70.3008	-44.4364	77.554	22.822	19.2873	-26.4669	2.40397	-45.4878	5.05557	81.4892	-5.97853	15.3298	-20.9472	11.288	-20.7874	
Iter 05: -10.6301	32.9904	-17.1985	8.10216	20.4565	8.50338	5.81549	13.9389	14.7723	-25.9038	-22.1215	6.28107	32.4464	40.9089	10.5657	-9.92598	-1.34331	-50.9661	23.3008	12.4323	7.58696	38.4419	-28.3365	-7.98509	31.8416	10.9572	21.7881	-79.3575	15.2568	-31.0047	
Iter 06: 24.4784	57.6593	10.2788	39.0499	33.8987	10.9422	-51.738	-21.7572	-25.8471	3.15808	-81.2378	51.2366	5.84608	-46.3888	-1.12597	-50.1365	68.0695	-37.4393	58.0444	25.4881	6.51084	-49.2511	-68.3905	43.7735	13.7476	75.8747	7.02797	0.793246	24.0465	24.0673	
Iter 07: -97.3571	78.2499	12.0647	-90.9762	-48.3659	150.122	43.3997	-90.799	39.5746	-70.0418	-36.498	-23.9238	102.134	-44.2677	-10.2226	138.071	-50.9365	-41.2962	-57.2975	105.39	-28.2508	27.921	-125.426	-128.553	22.2415	-56.0132	-102.835	-21.3786	43.6077	171.786	
Iter 08: -150.888	-54.0001	57.1093	-4.88668	-89.2703	-102.501	-124.478	-177.182	-146.121	-17.036	33.0637	80.0541	-42.7907	-55.0089	-46.3261	49.9782	-102.4	-89.3446	13.3977	221.283	14.2878	-67.9584	-10.3091	-26.4482	-62.9759	27.6813	-198.68	104.075	186.498	153.699	
Iter 09: -136.397	58.3223	-118.593	28.5763	-6.28499	-36.5759	84.8778	14.3071	-82.7368	-9.65237	13.2347	-170.907	-71.3091	135.712	1.76198	-63.4659	-50.7667	-214.234	62.1164	-32.025	-59.6313	177.922	-81.1795	65.9134	-53.3458	-104.64	37.112	-109.604	20.1913	-37.1681	
Iter 10: 28.6307	70.0081	61.7638	-35.6476	107.572	-110.674	171.203	81.704	-38.5386	-117.485	48.3679	-69.787	-65.135	27.3735	154.554	39.9632	141.379	-69.3158	-63.4983	110.51	147.444	24.4164	-10.6787	110.831	-14.0844	63.6635	-37.5352	79.9209	38.4146	16.366	
Iter 11: -9.22526	11.0815	-6.58558	62.1272	-68.2544	-40.6697	40.3181	-40.1544	0.552035	62.827	24.2985	54.3711	-22.3852	70.2071	-30.7954	59.2707	50.0505	46.57	-4.98817	-14.1957	16.496	33.7303	41.6531	-30.4365	9.7252	-56.1792	2.2375	33.918	-20.001	-10.3054	
Iter 12: 9.33768	44.4713	46.7347	12.337	-48.9828	-19.2727	-18.7687	-10.2913	3.26175	6.7126	-18.5453	-6.56934	33.7979	-46.8751	-53.0206	29.2568	69.2254	-12.4052	-6.92764	15.2999	5.11485	32.7195	-26.6105	8.33263	54.312	29.9172	26.0749	-34.3568	-12.4534	6.79378	
Iter 13: 42.4721	1.00012	-49.4691	-29.4627	-16.2196	22.5576	-31.567	66.7874	52.3895	10.2882	46.3559	24.1591	75.3684	-3.35283	-4.28438	35.3856	-99.7641	-69.8557	-30.7458	13.3953	-3.40359	-114.575	-19.8	41.525	-35.2645	-9.95134	-9.7305	61.6837	-44.999	-78.052	
Iter 14: 3.88039	30.1511	11.6211	8.8974	-10.9479	-11.4196	17.0844	-99.1944	27.8096	-29.1999	67.2511	9.30041	-48.6415	-11.2809	-12.2356	-74.1961	-30.515	35.0338	8.70707	-34.4547	-15.2972	-22.2479	5.06036	4.05827	21.2123	-56.4843	11.2673	7.57492	32.482	19.4048	
Iter 15: 52.9459	180.686	-35.8342	113.287	-1.91312	79.2507	-47.4813	45.0282	97.0935	47.2707	82.3361	2.01569	-26.6356	-161.182	27.7214	-5.58313	34.7659	48.6435	3.50789	-112.672	-56.518	-182.204	-58.7473	-62.6472	86.2995	24.118	-24.6034	-122.536	-68.3678	57.724	
Iter 16: -7.2514	35.4967	114.658	37.0952	58.6642	-25.4037	47.6928	108.1	-101.775	7.05855	31.586	-139.802	46.9861	-32.8616	13.888	40.5735	42.7712	-43.2298	-6.64752	54.1618	-143.409	1.83238	146.088	119.71	106.558	144.252	-60.8074	96.3767	71.7626	184.946	
Iter 17: -11.3559	90.126	26.3093	-26.9058	-14.7473	-3.97568	-2.55935	40.4157	-35.1001	31.4588	-21.9961	-25.1129	23.01	-51.1539	-28.8675	-16.1104	-12.9109	7.44285	-52.2688	54.4343	-11.2301	13.2954	0.938731	-3.51815	6.41078	32.8158	-1.16296	11.7349	55.6492	5.10793	
Iter 18: -305.216	-91.3778	26.1999	-252.898	-300.754	96.4786	-288.353	-172.257	53.2079	3.09758	-186.854	62.5155	209.847	98.6126	168.448	-192.005	67.844	183.075	119.003	124.094	-53.8473	-44.0028	-338.522	89.6695	-236.307	527.086	-184.631	-213.44	-10.3143	241.068	
Iter 19: 20.8846	-42.6906	-70.3826	-23.6432	-10.1076	-57.8884	-33.2444	53.137	-14.1557	4.4177	-58.4251	25.1943	77.3409	-67.0537	-40.0089	8.28588	69.1171	-24.7586	47.3383	-11.308	-26.3709	19.4643	-49.5664	9.72497	13.9948	-7.12138	12.4521	-6.90767	-43.948	-14.7839	
Iter 20: -34.4581	-13.2475	8.75483	60.9065	-62.6666	-63.2496	13.6661	-6.11201	21.1517	2.31015	-49.351	-44.7869	-32.7059	35.1254	42.4949	-52.5827	34.273	-29.0971	45.0982	-34.7145	37.7184	21.6162	-19.9491	22.595	82.0987	55.3895	-59.0708	57.4137	-61.9478	32.0027	
Iter 21: -53.7316	0.771909	-40.4741	-22.1586	63.8029	4.25107	-50.5614	15.4812	-83.547	57.8687	-109.428	109.43	-140.089	-117.001	-206.69	-35.9161	-45.2781	-182.132	-31.1354	134.731	-3.03027	-175.413	-29.2638	-55.9234	136.764	-39.578	166.018	-182.242	174.713	145.862	
Iter 22: -3.04863	31.7179	40.5027	65.7493	-4.27501	49.1175	-9.63339	44.882	30.9096	-55.2407	0.599074	-36.9589	-2.77341	-27.454	74.9536	32.5857	41.2958	-41.3829	21.0765	-29.1748	4.18777	13.4163	37.1615	71.7123	84.7716	-41.4813	-43.5325	34.6087	45.7383	-101.214	
Iter 23: 21.4534	78.6083	165.698	-126.295	-19.4062	-34.9002	25.174	-73.787	4.27952	26.362	-56.4497	64.0998	16.9979	162.284	61.9006	-56.436	22.875	-216.063	-117.26	144.703	-24.6511	-40.037	106.766	-83.4807	-95.3266	59.9047	-137.155	110.768	-67.0372	-150.856	
Iter 24: 59.2017	55.1485	19.6973	-86.4888	-16.3205	-34.137	110.972	56.3863	-13.9551	-0.385047	-19.2355	26.9087	-18.1164	14.0286	120.554	-33.5714	87.1818	-68.9344	-23.0719	-27.8822	49.0205	-95.0613	-32.5877	-13.9199	69.0711	-32.9601	-55.1722	48.548	-19.4278	82.4589	
Iter 25: -74.5603	11.5326	34.806	-43.8541	105.365	44.2245	39.2727	80.3185	-28.1699	19.7593	17.9243	2.77893	104.53	-37.1899	9.01434	173.215	-15.4464	190.716	87.0605	-4.07035	15.8714	-135.596	21.6712	-93.4975	-61.871	-19.3771	-61.1169	96.7343	41.6312	-51.9845	
Iter 26: 42.3409	-31.9781	49.6993	-4.08497	-37.1041	41.2646	-3.10568	46.3195	29.118	72.9889	28.3843	-36.9974	12.6482	4.33199	57.2297	0.92751	12.9608	-64.5886	52.712	57.9863	23.4746	-87.4938	-7.37425	-77.8648	1.89525	50.745	-47.7152	-60.5226	27.3743	-12.701	
Iter 27: 31.7589	34.5919	-20.4989	-6.24065	-49.5851	32.1666	38.7185	19.2068	23.0801	-23.4464	12.5982	24.4587	17.5153	15.707	-66.5504	-22.8613	36.8467	-38.3214	-57.4763	66.7928	-14.6445	17.0825	-30.8812	-20.3245	-16.97	-54.3533	8.48497	-3.33771	28.4478	-45.4807	
Iter 28: 64.0126	-10.5684	45.287	29.259	-22.1532	71.0406	30.6908	46.0262	-12.7646	73.1942	5.75384	-26.9088	-99.1776	5.14353	-39.8586	22.5845	-114.103	87.7851	-47.8685	-88.9409	35.2428	57.592	71.1884	-62.1995	63.5607	6.45472	54.4352	25.2059	39.9569	42.3532	
Iter 29: -54.0886	43.7466	-107.571	9.02926	-0.86378	-69.9842	46.4966	-22.6981	-55.927	8.99176	35.6535	-43.057	0.27696	21.7346	38.977	-5.93767	21.9769	48.2303	138.843	-19.4659	10.2898	-15.1946	51.6321	-56.6531	49.2079	-71.5923	27.928	33.7787	-78.3277	-95.5699	
Iter 30: 7.19673	-9.54521	56.2244	8.04222	1.22619	9.27577	-40.9781	-48.4457	-4.80639	7.64943	37.5613	-39.888	83.1078	-18.3074	21.4122	-13.7511	-16.3278	-22.9204	13.4029	-6.84327	-14.3601	2.01069	12.5852	46.3823	52.4918	92.6409	-7.3246	72.8639	-22.0778	6.71399	
Iter 31: 17.352	-49.2606	-11.9339	-18.5234	-15.4297	18.9536	37.1401	-44.7632	-13.2587	58.459	21.7339	-7.06941	0.967995	19.7328	44.7212	47.0321	29.5636	-15.6561	9.98896	6.42845	11.7377	-21.3258	-25.7963	-54.1881	-2.62567	63.1821	-29.8924	40.4094	-8.05897	6.82162	
Iter 32: -4.67142	71.3005	30.5051	24.3712	-9.74201	12.8443	-26.9774	17.6863	-22.5556	39.4899	-8.77775	-36.2452	-22.825	32.7106	-42.744	25.2108	-77.0668	55.8031	-34.6352	-40.925	24.4893	49.7909	50.0172	-16.0648	-43.0166	-43.8474	40.0497	-47.6011	-42.1911	-32.9769	
Iter 33: 52.0211	-44.6008	-47.7561	38.3259	42.1399	10.8879	15.492	33.9313	-7.66588	-49.5054	1.51842	-43.3975	-27.7081	5.18562	-11.4909	1.55368	4.62832	24.7289	-20.5926	-40.7617	13.5903	-23.2023	3.66653	12.4095	68.4497	30.1656	17.5029	50.3835	19.0404	-27.7967	
Iter 34: 19.8275	34.9688	-2.80025	34.4392	-6.92772	-6.29194	33.2228	35.878	39.3769	10.2819	-16.7615	-11.8144	-5.29518	14.3373	70.2216	-26.2767	19.401	-38.065	-0.360149	35.5523	21.4293	-62.1842	-34.2257	31.2783	-1.97152	-37.8215	13.0683	-40.2209	-3.04375	-11.2015	
Iter 35: 43.2043	21.0354	-155.941	0.512734	4.26435	138.044	48.1455	-167.278	159.818	-25.0022	107.485	50.7245	-34.3978	28.6619	-90.8438	109.898	-156.882	-180.296	8.10575	-126.611	141.147	-68.7761	-6.24104	-39.5963	28.0017	-155.676	-252.042	-135.121	202.147	47.3552	
Iter 36: -53.0998	21.4578	156.181	-48.9609	-65.0434	65.7581	-85.1193	-3.35005	38.6876	6.40816	-7.58901	-1.89391	-20.4341	-46.9403	-32.6711	-12.0459	37.5574	-80.0644	-80.3672	-87.8968	29.1049	90.8854	-51.0237	-51.4011	90.2644	99.432	-51.0193	-34.8643	-23.2262	-36.073	
Iter 37: -19.6196	-31.4335	36.9798	-10.5274	7.48236	21.1487	-51.0275	-53.8871	69.2737	-54.3854	-62.6137	-33.3387	18.1025	92.3037	13.4407	81.6045	-13.9387	33.1603	37.1543	33.7308	26.0148	39.3539	-22.9461	-47.02	14.1297	15.4226	14.2441	-8.15283	-13.7684	61.704	
Iter 38: 67.4106	46.3024	-68.838	-56.32	-41.4962	-19.4771	-9.35191	-4.27776	8.0486	30.2	6.6968	-51.6097	-19.1957	9.82201	-10.2941	37.1725	13.4782	17.6202	19.0861	3.36276	-71.117	-7.00765	-29.3863	13.4865	-20.0152	4.42381	63.1308	45.9231	30.1048	-6.62816	
Iter 39: 14.0606	57.4423	27.6129	22.1201	53.6112	-5.36062	134.937	-37.7407	56.0526	53.522	-41.2221	43.3185	-81.0414	-28.0807	-46.3797	97.092	-28.7491	-94.4075	-52.074	28.046	36.063	125.332	-93.6868	-84.0022	-63.6372	20.9715	-17.1603	91.6806	29.4025	21.7885	
Iter 40: -47.9186	64.0965	86.9129	82.0122	-25.5601	-71.9572	90.9154	-40.4301	82.8331	-17.034	34.756	-47.7927	98.5056	24.3465	-70.7882	-125.72	-74.8387	-74.3741	-6.69161	114.809	-86.438	59.8427	96.1554	6.83187	2.28791	57.6009	-66.7563	-53.3693	58.5906	62.3364	
Iter 41: -45.5443	92.8866	50.4623	-26.8949	-19.6305	-14.8391	-0.763532	-21.8988	-10.2786	-89.7268	42.8141	43.2699	-65.1818	16.4371	41.955	106.753	39.0046	21.9323	32.4482	28.1871	-6.91	33.1117	21.1027	87.5895	49.2963	26.7476	-85.8074	-12.7482	-3.13883	54.4474	
Iter 42: -5.16586	-36.6072	52.2639	56.4183	-22.5304	45.1104	-41.7596	-0.155683	-27.9235	82.3835	-56.3715	19.0062	81.1219	77.446	107.242	-1.82461	56.3803	-73.4981	37.2753	-53.0437	-25.3325	109.814	-12.7128	10.621	96.7506	-40.9024	44.2886	81.7379	120.564	-57.597	
Iter 43: -5.88442	-73.1962	-61.031	2.98311	20.169	37.352	-42.3016	32.4994	-21.57	-30.3512	-17.1081	-13.573	-74.1739	71.5542	23.6752	4.73946	-0.761152	-1.34639	36.7412	9.82216	-25.8344	-9.09166	7.54347	1.39801	37.6907	13.776	1.38328	11.0578	3.76786	24.5583	
Iter 44: 11.9754	59.4589	5.53292	3.34739	43.2171	18.9102	31.9996	38.5392	-1.60847	-50.5452	-4.9068	-39.4948	-22.7711	-41.5798	81.3283	-18.8426	74.0561	24.6457	64.5369	-4.10558	32.6431	-41.0524	57.4034	-19.9404	-37.238	1.87429	7.2987	34.0261	-20.445	-20.889	
Iter 45: -31.9815	-41.3937	-37.5489	-2.01857	-14.2674	-47.9731	-37.2869	-46.1505	-31.3602	55.8061	-41.2023	-46.4611	36.9226	-59.9468	47.3856	61.4162	-61.5433	-28.0211	-43.5102	32.7592	17.1289	4.46034	38.8655	2.38485	-38.5831	14.2635	35.9381	-33.2732	49.7316	-48.3639	
Iter 46: -42.913	-12.9563	13.28	37.3101	3.20446	-24.3878	-4.43548	-31.007	12.8375	-7.24439	2.31824	-0.891584	4.19577	0.917684	-2.62139	-26.4442	-40.8845	32.772	-8.00331	9.75488	70.2681	-42.7958	3.98522	64.987	-40.6833	-13.6253	44.0465	-14.9156	-5.45552	32.104	
Iter 47: -15.9875	-59.5684	36.5779	3.66088	-64.5964	-69.6876	30.2727	-45.8245	-8.61873	-17.7285	-63.5961	-23.7855	-48.7391	-31.685	8.38009	-57.4981	1.62816	-83.3613	55.1076	72.5572	39.0571	-50.1535	-53.8746	9.72072	-44.273	20.1309	56.6728	45.3687	-20.0665	4.57999	
Iter 48: 8.67139	-164.599	5.40984	-38.2068	-41.3075	11.4373	22.2152	-11.4836	33.3574	24.5103	-51.2985	-76.6862	33.7107	25.6215	38.7668	72.8398	-77.9215	-28.8967	71.0188	-69.3472	-65.4087	-42.705	11.836	-37.774	-33.3524	-119.855	106.067	13.1817	8.44031	-35.1428	
Iter 49: 13.0794	90.903	16.5501	-25.7041	-43.814	-51.6256	-5.58002	-38.8073	89.8296	-78.4373	11.0003	-42.3855	-33.6573	-16.207	39.3667	-15.1732	-27.0937	61.5466	11.8624	-28.1784	28.9766	33.4191	-64.1659	-23.2574	-41.3971	-68.7106	-20.3286	68.6528	-17.1482	66.6401	
Iter 50: 69.6868	48.719	12.7528	17.3725	15.9174	-50.3617	4.71127	-14.3555	-56.9755	33.251	36.5777	-9.79108	44.8117	-27.1416	-2.77355	-16.2051	1.20096	4.71184	-9.95679	-4.17048	-21.6936	2.1389	30.4078	19.815	-36.8118	46.1926	59.8832	101.715	-53.6474	3.21873	
Iter 51: 87.8387	135.203	3.60714	-4.33918	154.012	-288.711	-308.046	-17.6751	289.191	-106.57	-5.03649	340.646	37.77	-220.944	198.317	43.2288	110.928	-96.8783	128.591	252.572	117.992	50.5428	98.6855	-246.105	-18.226	-46.6587	-96.7932	-149.211	-125.814	16.2503	
Iter 52: -18.1322	-65.5311	66.3672	-29.125	-72.0933	76.4227	48.7945	-30.4894	-35.8482	-54.1795	61.1578	-37.2864	-4.82152	32.4193	-32.8706	-50.6295	47.7746	68.9607	-38.3949	-59.102	51.0056	82.2096	35.9695	-46.5174	21.154	71.5426	-61.7667	-84.5381	53.7965	-66.4075	
Iter 53: -54.1658	-42.0536	-6.4045	39.0341	-46.2203	37.3747	60.9797	23.4817	12.171	19.7714	21.0987	-1.48881	1.3525	17.017	-73.5344	19.1054	-12.4031	30.5302	-28.8238	79.6633	-57.8831	-20.214	-13.7544	12.7776	45.1962	-73.546	-85.9513	-37.2561	-23.4592	60.3226	
Iter 54: 28.6944	-32.7537	138.3	-10.5863	-11.8851	73.8047	-12.8286	114.71	175.469	191.725	-20.3352	-33.9422	-25.1955	74.6899	-129.675	-109.983	-91.8852	33.0783	-98.695	106.052	-123.462	-29.4208	12.1778	168.361	-158.977	23.6558	116.926	-14.081	121.803	149.32	
Iter 55: 14.9229	-27.4482	-58.4486	58.6583	-80.8205	40.7651	-69.3784	-42.0735	-79.7069	95.8407	21.346	-40.3459	-14.9094	52.8907	-65.9701	-53.3521	-36.4455	37.3787	70.7813	52.9102	23.6034	-21.0205	-46.4491	-71.1044	75.2006	74.7888	-58.9208	-27.8918	51.0538	86.003	
Iter 56: -27.4296	53.0012	80.8632	67.9538	-115.828	159.675	67.1846	-28.9081	37.6476	-7.16865	-67.3381	-68.7935	-98.8091	70.5123	-137.512	113.123	-9.74269	43.3941	134.03	-15.0449	-156.553	-92.4526	-50.6599	-72.1553	161.699	-146.4	-27.3045	-85.5336	78.7721	181.686	
Iter 57: -28.9041	65.2945	11.5339	60.7737	-33.221	-37.145	-49.1263	-28.1186	-33.5426	-33.2907	0.294016	-28.6439	-50.5942	-12.0336	37.6138	-10.8954	2.18732	-27.7593	46.8907	19.2495	72.3512	35.6593	28.8359	-37.4917	-36.1027	22.5979	24.7227	34.2173	41.0598	-28.9468	
Iter 58: 69.0827	4.16947	35.6693	26.2149	-44.2556	-37.8325	-25.2532	24.6729	-1.16925	-19.3989	-36.9027	-61.1089	-83.528	-4.74744	-35.7057	-1.88303	-40.9676	-76.0581	51.1559	-20.8557	12.0756	20.1902	52.3373	54.1269	-30.8282	-14.1976	10.1874	5.4387	79.2971	12.0673	
Iter 59: 71.8705	58.5844	-75.2416	-21.7376	51.5723	-15.8661	46.6718	-58.5153	12.0124	-72.6422	13.5543	-93.9838	23.3087	58.7454	-62.0785	60.3668	-45.4759	4.05665	-24.2053	-75.7791	37.6164	63.7019	-53.5332	92.0012	-50.3329	93.246	-77.8323	-95.4099	88.0147	-35.5726	
Iter 60: 7.36165	-18.4628	28.8375	-15.8884	16.6115	-33.9981	-50.8734	26.7681	-42.9561	12.1801	-32.2623	0.539108	18.6568	22.0238	30.2949	-34.2471	-25.4549	61.2399	1.64733	45.4541	-21.3888	19.9928	-6.70279	-37.5944	-22.0809	-11.5494	-4.31857	-21.3697	-48.0572	7.69204	

Best Xs Fitness
1202.71
1202.58
1202.12
1202.46
1202.66
1202.98
1202.53
1202.87
1202.91
1202.21
1203
1202.46
1202.71
1202.68
1202.26
1202.48
1202.36
1202.82
1201.98
1202.6
1202.95
1202.5
1202.34
1202.99
1202.5
1202.69
1202.86
1202.61
1202.33
1202.71
1202.44
1202.67
1202.62
1203.13
1202.66
1202.73
1202.63
1202.25
1202.14
1202.4
1202.67
1202.54
1202.85
1202.15
1202.89
1201.78
1202.88
1202.55
1202.37
1202.68
1201.72
1202.54
1201.85
1202.96
1202.22
1202.95
1202.3
1202.33
1201.65
1202.84
