13-Dec-2018-12_37_59
 - Ran 447.713232 sec, min 1300.21


Best Xs
Iter 01: 8.19335	13.4384	62.886	-17.3918	-11.9115	74.9892	-56.8411	82.1084	-22.861	28.0946	6.5371	36.2605	-22.9736	5.65561	41.5624	-40.6985	-66.2121	82.6105	10.8416	-60.1377	-25.0915	-48.2685	-23.8631	-49.2795	-28.4743	-44.9384	-11.9483	-46.317	45.3334	-50.5496	
Iter 02: 3.58329	8.03143	53.8941	-5.88192	9.57119	60.435	-43.0228	82.4362	-44.3425	35.9579	28.0986	32.8206	-31.6149	24.8294	23.4319	-41.9179	-54.5921	84.0255	5.06112	-53.4389	-15.0731	-57.8389	-23.4661	-55.1415	-18.4283	-42.5909	-26.4555	-41.4888	49.3562	-60.7142	
Iter 03: -0.553758	14.343	61.1112	-3.71982	-4.23162	68.6662	-41.4787	68.0196	-17.6857	35.4824	14.6441	27.2715	-25.9086	12.863	28.1104	-60.1723	-59.0589	91.7094	5.78801	-56.7885	-4.98787	-59.4676	-39.8849	-35.6724	-21.3688	-44.2738	8.31704	-47.675	52.3767	-53.1595	
Iter 04: -17.3447	12.6534	53.2015	-17.8534	-2.79941	67.8247	-39.214	78.3846	-24.7531	10.5517	22.249	34.2771	-24.1554	24.5791	37.0943	-35.5066	-49.3044	76.4694	4.07751	-47.1789	-22.5917	-74.2447	-22.3579	-45.4593	-40.6143	-54.8318	-0.712952	-51.7736	46.3613	-45.6627	
Iter 05: 9.78614	-2.86009	52.0584	-11.3078	-3.33965	70.6283	-58.3176	77.0614	-54.8833	26.1973	27.9078	33.3243	-25.9232	21.7359	35.2102	-49.0375	-62.7946	74.8184	11.3561	-49.9398	-22.8098	-59.7851	-19.3096	-72.1667	-32.7207	-36.8736	2.0036	-53.8714	45.6881	-49.3066	
Iter 06: -12.749	10.4523	61.4545	-13.181	-30.299	78.5423	-31.2484	78.5762	-37.3081	28.5647	15.4177	20.3952	-33.3554	16.1745	26.0099	-50.5634	-45.1581	71.2986	0.365481	-59.674	-16.7077	-60.4084	-14.9059	-49.5016	-30.8122	-51.4408	-12.4749	-42.5375	58.4391	-51.7381	
Iter 07: -10.8084	-3.09186	64.2634	-2.49371	-7.02045	57.5369	-38.2177	74.9132	-29.598	30.1853	24.7426	33.1089	-22.1082	20.1759	37.1089	-34.8347	-53.4131	80.3337	11.896	-48.8857	-16.0103	-66.4305	-37.0629	-34.728	-28.206	-52.0463	-6.90399	-50.4262	59.7176	-54.5273	
Iter 08: -4.16443	38.2392	59.4467	-10.1194	-8.67014	72.0542	-54.5803	79.7915	-14.9382	8.69911	32.0321	25.3917	-28.0321	21.7997	27.7681	-28.7347	-61.0954	79.0582	8.24143	-52.7788	-18.6023	-77.4375	-32.6159	-41.0459	-23.3396	-49.7312	-13.8699	-44.2766	53.046	-40.3176	
Iter 09: 0.206413	-5.39131	59.2415	-6.88297	4.68633	64.6503	-39.6929	90.0381	-27.5942	34.4396	23.1327	25.8757	-26.7554	26.1856	37.4938	-49.5431	-62.6656	88.2288	15.686	-51.4251	-27.782	-62.2452	-5.85371	-47.0229	-21.9926	-52.1187	1.50169	-29.9548	49.9416	-49.9587	
Iter 10: -1.74495	-2.77878	79.6654	-13.4886	-12.8914	72.1868	-52.0843	81.0713	-25.487	20.6814	8.48058	19.4346	-29.2847	19.8531	12.7019	-45.6538	-58.7315	75.3527	3.01849	-55.8249	-17.2725	-62.3357	-17.2821	-34.7921	-16.3014	-53.5458	-3.98624	-50.795	47.4093	-57.8307	
Iter 11: -18.8292	6.78238	57.9228	-7.3503	-21.3041	60.184	-63.4887	87.9496	-61.932	19.9177	19.9933	33.8654	-17.4304	23.5917	23.4264	-61.2823	-55.6368	66.9148	1.11524	-52.6149	-23.3959	-72.1774	-13.5262	-39.7267	-3.45069	-57.4175	-7.75408	-58.2946	34.1609	-54.0117	
Iter 12: -10.1409	9.63156	58.2422	-6.92344	7.68112	60.0576	-34.794	83.7476	-33.3289	15.2496	20.1342	30.036	-19.5708	1.92828	20.4112	-46.9736	-54.0881	72.4491	10.4472	-49.4038	-21.1637	-53.2993	-31.9672	-56.7802	-12.9374	-44.0646	-4.39559	-60.7884	56.9186	-50.6971	
Iter 13: -15.6721	-5.9644	63.5479	-14.0268	1.68314	72.5042	-49.791	69.61	-25.597	31.4209	19.2812	36.4048	-20.9637	18.2687	33.9869	-41.872	-59.9527	75.6947	25.7384	-54.0881	-10.9174	-74.8918	-12.2759	-48.3486	-3.83388	-35.9368	-0.301591	-61.3011	40.9148	-67.966	
Iter 14: -4.56177	18.8922	50.6609	-26.8189	-9.45829	65.4671	-51.4898	78.98	-41.0142	28.1741	18.0033	46.5508	-26.5609	14.1969	37.8331	-34.5972	-54.8386	69.8526	22.8146	-60.4943	-9.38755	-57.5117	-28.1451	-53.2429	-17.6767	-51.0419	-10.4527	-43.0914	43.5858	-44.1913	
Iter 15: 2.75137	22.9628	61.4007	3.605	1.06228	64.9014	-48.6205	86.3384	-24.1552	30.7076	4.97029	35.4195	-27.5518	17.3302	45.6342	-33.5401	-53.145	73.4969	13.7208	-59.7395	-9.72339	-60.6287	-25.8795	-30.3118	-22.799	-62.7423	-6.77321	-52.6735	43.5427	-48.8589	
Iter 16: 11.518	15.0113	57.8436	-18.0898	8.64805	73.1291	-43.2545	89.3473	-17.495	26.2998	10.3105	39.6421	-30.0814	19.7035	35.3797	-32.015	-44.4906	83.1261	7.4288	-56.6189	-13.9902	-60.8469	-30.59	-33.2741	-14.3844	-49.8036	-13.5821	-40.0269	55.1511	-37.1277	
Iter 17: -5.3897	23.621	55.8661	0.895401	-14.8327	62.3726	-34.1125	88.033	-27.9602	6.38589	27.0193	27.6125	-30.0723	1.22669	48.5806	-48.1933	-50.2852	79.4823	26.265	-53.185	-20.3374	-58.042	-13.336	-63.4339	-6.54317	-38.5084	3.71198	-58.812	64.8015	-57.8951	
Iter 18: -12.9837	-0.49878	62.9409	4.23954	-14.5187	63.5361	-62.3349	88.1918	-33.8548	42.4838	14.6475	24.5235	-19.3164	12.5525	34.9069	-49.0515	-58.1834	81.9192	5.77786	-46.695	-13.6885	-50.9728	-32.6459	-52.952	-11.9677	-59.5987	-1.98849	-44.5036	45.5389	-58.6058	
Iter 19: 3.6569	16.6342	58.8414	-15.3637	13.5538	64.6803	-51.7955	79.3296	-25.1341	35.5006	8.86671	35.0559	-30.1283	25.4248	28.779	-51.8272	-65.2763	64.0641	9.56076	-46.1387	-7.81727	-69.0285	-43.8313	-37.0382	-30.7363	-52.0597	6.32669	-44.6589	47.9203	-52.9803	
Iter 20: -8.61207	-8.4626	59.5659	-2.97805	3.25532	72.1883	-48.3145	80.6504	-30.8965	18.0807	21.7461	31.6663	-33.5732	8.77917	34.7846	-36.7558	-54.4303	72.6599	13.8791	-49.6404	-30.1125	-69.3011	-15.3504	-64.3544	-22.9746	-44.9329	2.39243	-47.5512	52.1624	-59.6967	
Iter 21: 4.06528	1.65706	67.599	-10.4278	8.67972	70.5647	-42.8831	74.0166	-18.8321	32.271	24.9882	31.3031	-30.9269	2.58677	33.0796	-29.4979	-59.4922	73.214	4.52106	-52.7248	-17.7286	-63.6237	-21.9287	-47.9083	-15.8955	-40.45	2.49729	-57.301	55.9384	-51.0824	
Iter 22: -15.4716	16.3386	56.5812	1.64502	-5.28519	66.889	-54.746	77.5852	-40.424	22.6295	26.8359	33.4145	-23.1112	12.9159	34.7648	-60.1193	-45.2364	85.6429	19.3452	-55.7063	-12.3754	-68.6604	-40.0568	-47.3774	-13.6133	-39.5685	-13.0471	-41.4627	39.9838	-64.0614	
Iter 23: -5.17165	1.53268	59.7423	-19.8852	-2.27904	65.1884	-34.9328	86.4683	-22.6057	33.1087	11.8896	40.4503	-19.1584	20.8919	42.7323	-39.4816	-64.2353	80.8298	15.1563	-58.1872	-17.7331	-61.0105	-10.8958	-49.8023	1.14781	-55.0845	9.92764	-39.2981	39.7753	-52.6477	
Iter 24: -5.04372	-0.268075	64.1778	-12.7284	6.96528	71.6013	-33.9774	75.7577	-22.2327	36.2546	10.9285	23.5849	-15.8281	15.83	21.9772	-49.1576	-59.5618	80.621	6.00469	-52.5972	-10.2073	-69.1707	-29.8922	-26.5217	-18.9933	-64.3515	-20.871	-51.0657	55.584	-52.6785	
Iter 25: 4.77268	16.6767	54.4771	-11.1783	-1.52665	67.9299	-49.3842	81.3892	-24.4558	17.309	24.7053	38.6851	-19.376	2.75847	23.1084	-37.0864	-67.02	80.1917	0.2987	-50.509	-6.86481	-84.4823	-20.0785	-37.2116	-38.7245	-40.2442	7.50944	-47.0853	69.0769	-37.79	
Iter 26: 1.26846	19.5713	50.3084	2.94407	4.35149	64.2461	-54.3271	74.7038	-27.2704	19.8223	22.5253	31.7009	-20.8346	14.0598	43.6931	-44.7234	-48.4155	89.9141	20.308	-57.9337	-21.5918	-53.6669	-11.0614	-54.3995	-17.816	-42.7377	-19.4316	-48.2131	76.7822	-56.0057	
Iter 27: -0.51231	38.0454	52.0694	-23.0026	7.28905	58.2047	-36.6521	73.3146	-52.8135	39.7061	19.6045	40.8798	-28.0711	19.4584	41.6221	-45.7083	-59.2933	66.7705	8.16439	-55.993	-18.4967	-68.5492	-17.6307	-40.1785	-8.82023	-44.9126	-7.99797	-37.2937	80.0128	-40.2919	
Iter 28: 11.1655	3.57401	51.78	-9.88195	6.88559	75.971	-53.9268	83.9895	-32.0454	33.6327	15.7128	33.4742	-21.3666	21.0625	37.4127	-49.616	-59.8683	67.2765	7.64346	-48.1178	-10.3723	-59.3019	-34.599	-48.2749	-8.39451	-48.1898	-9.80469	-51.1311	49.0666	-68.9825	
Iter 29: 10.8317	12.9227	58.5514	-6.89706	-19.7158	68.325	-67.482	77.8574	-34.5976	51.2625	11.3653	35.5866	-19.6382	30.8099	40.4865	-56.6896	-66.5175	84.1453	31.8988	-42.618	-19.7325	-56.7058	-24.185	-32.7779	-15.0442	-53.5993	-10.6304	-47.5504	47.9825	-62.6467	
Iter 30: 1.60513	1.67499	61.1537	0.973593	-17.8453	63.3323	-48.4995	76.0115	-36.9165	27.0059	12.4886	29.2411	-24.7214	7.31376	38.6949	-34.5095	-60.9826	77.076	20.352	-60.5687	-20.948	-61.4111	-40.1016	-47.1674	-24.2963	-60.0686	-4.31543	-48.7529	53.9467	-61.9101	
Iter 31: -24.9302	0.28498	53.1178	-30.5686	10.9131	62.7817	-37.0961	79.8094	-41.4211	31.9524	21.4151	36.8298	-14.0053	30.2542	18.9418	-57.7388	-63.1232	83.9395	15.4505	-44.225	-14.0991	-55.9652	-37.5667	-52.2266	-41.4519	-47.5873	-29.2402	-48.9491	60.9431	-71.3088	
Iter 32: -3.98544	10.5658	50.4608	-15.5158	4.42986	65.6393	-29.5968	76.4442	-13.7825	14.8735	11.481	40.5862	-23.8651	12.2047	27.6986	-31.9293	-45.5915	81.3843	7.01658	-52.2647	-12.739	-59.9898	-3.00958	-50.7605	-26.7279	-54.8783	21.2503	-76.5781	59.0117	-54.1065	
Iter 33: -10.1883	24.6682	64.5575	-14.1202	-1.01879	67.262	-21.9326	72.9712	-27.8718	39.5823	13.0929	30.6193	-32.3494	26.0758	28.8663	-25.4195	-58.0453	76.0093	-2.97241	-51.9204	-15.1931	-75.3524	-22.5098	-44.7273	-18.1112	-48.7784	-3.05169	-50.3566	43.7728	-50.8624	
Iter 34: -1.35596	0.303131	50.3538	-18.1247	6.19577	72.466	-49.1546	84.5272	-43.0808	27.147	22.4714	23.8495	-21.621	1.65322	28.6844	-31.5204	-63.0219	76.4262	9.51898	-46.8755	-24.8621	-66.3348	-13.7212	-48.7142	-12.1971	-44.0706	-2.493	-55.3715	46.6841	-58.8105	
Iter 35: -13.0839	23.2177	53.3325	-10.1535	10.2786	56.0917	-49.1958	81.5305	-31.0436	22.7724	18.1752	37.8645	-26.2202	15.6415	22.3322	-29.3773	-53.0167	85.5866	-3.63581	-56.902	-14.213	-56.0842	-15.3528	-59.6044	-21.7615	-39.987	-4.70799	-54.6343	44.1795	-46.7527	
Iter 36: -18.9931	15.8843	56.8615	-6.0438	-5.58232	54.3124	-32.3232	85.4425	-26.0365	32.5758	25.8184	41.4344	-13.0277	21.4806	38.7782	-57.1839	-50.9152	75.9308	3.54429	-56.5654	-26.2124	-71.9726	-10.3856	-49.9324	-13.1358	-52.2298	-18.7647	-50.1232	37.3228	-49.8779	
Iter 37: -4.86526	17.9624	58.6494	-20.8113	-25.1771	81.7997	-47.8888	62.2152	-40.3103	25.2943	22.5427	30.8282	-28.1335	25.5777	24.8717	-42.1877	-45.6459	78.8492	5.65611	-57.0918	-11.5441	-78.1008	-29.1428	-47.5452	-21.6272	-49.0323	-4.44219	-40.1478	47.2802	-42.8086	
Iter 38: 6.1245	-1.09339	60.2756	-8.78973	9.93584	72.7597	-42.1558	69.8422	-26.2616	9.94009	15.425	35.4097	-12.2301	23.1372	35.6811	-44.9806	-56.4285	84.1102	-0.582886	-50.1461	-14.3318	-64.8889	-22.0811	-43.5434	-12.2334	-53.4777	-4.64811	-60.6086	64.2989	-52.5736	
Iter 39: -27.2067	12.5681	73.8316	-16.8238	3.34075	64.7281	-50.057	79.6005	-42.365	18.6434	7.80593	29.4947	-27.8838	-3.32671	40.0574	-47.7862	-50.3152	79.0373	9.17065	-52.7745	-15.3802	-58.0347	-24.9507	-33.0076	-45.2713	-55.4733	-12.1737	-46.1977	66.068	-51.0365	
Iter 40: 3.71866	7.97293	59.1838	-12.9009	-10.6561	66.8743	-51.5905	86.6058	-20.1091	12.4447	19.9693	28.9872	-25.7583	26.3961	30.9102	-38.263	-65.5808	70.64	-0.537703	-40.8913	-18.0147	-61.0062	-11.6211	-42.0574	-23.5237	-61.5975	8.9897	-49.9451	51.9889	-56.4348	
Iter 41: -28.5053	-3.75766	52.1784	-26.3854	-7.88505	81.4027	-39.9005	90.9184	-17.0717	42.6483	18.3389	35.123	-32.6042	31.203	16.3304	-58.6458	-47.1064	86.1154	-10.331	-51.4265	-7.1373	-43.7518	-18.4465	-35.854	-26.8175	-49.0404	-5.81556	-66.0343	42.3182	-47.6352	
Iter 42: -12.4342	5.28815	59.2464	-4.40874	-13.8286	67.233	-57.5706	86.7034	-24.6057	16.5158	23.8022	31.4664	-26.8875	14.6267	30.9115	-65.3625	-52.7485	89.5158	15.2668	-62.5879	-11.7097	-60.3492	-31.1957	-46.5988	-9.11015	-39.3747	-4.99697	-38.061	42.121	-46.7034	
Iter 43: -13.5449	0.700358	60.4532	-16.1683	-4.72679	68.5343	-30.8341	91.3971	-14.9313	14.9527	16.2683	42.0784	-29.042	8.86799	39.816	-47.5003	-44.8868	89.9513	-6.05502	-63.7881	-23.3462	-59.4812	-24.9457	-34.7606	-13.7841	-48.2717	-3.56888	-47.7365	54.6132	-34.0624	
Iter 44: 0.207799	4.51864	54.4492	-11.8648	5.32089	57.8112	-52.9891	72.0312	-18.3438	45.6145	21.2806	35.748	-30.0308	12.966	34.2007	-26.5703	-43.7045	72.2485	18.6076	-57.8897	-18.1041	-54.1207	-21.6718	-64.157	-30.1698	-41.0902	-2.77182	-67.5635	63.4873	-59.0291	
Iter 45: -15.5636	20.864	72.7768	-5.68406	-9.10617	59.4948	-44.9625	84.0308	-28.4644	25.9968	17.7904	24.1011	-32.1192	0.704712	13.8429	-44.6157	-48.769	72.9218	-3.70105	-49.4677	-16.3568	-71.0356	-27.4756	-32.6508	-36.5319	-48.2021	22.7185	-38.1253	60.9644	-58.109	
Iter 46: -1.77324	4.76282	62.6146	-9.28287	2.97063	72.8834	-40.1182	77.4438	-43.6348	20.5239	9.87615	35.7334	-14.2764	27.1125	36.7779	-55.8015	-64.0379	79.8369	5.49071	-53.1492	-9.15377	-56.8605	-25.0123	-44.0016	-10.1727	-49.4995	-15.1259	-52.5271	44.2167	-47.0023	
Iter 47: 6.50509	8.07391	62.5155	-21.0789	-1.97421	66.4477	-47.6787	80.9355	-16.7147	23.8802	11.0782	35.8322	-21.9498	17.9822	31.7372	-37.0763	-58.9166	75.7689	23.441	-52.9758	-19.0834	-57.8511	-22.7914	-51.7557	-26.2964	-67.6422	-16.6918	-40.909	48.7688	-54.8136	
Iter 48: -8.83298	14.6721	46.6202	-4.51224	14.8314	63.1793	-39.7922	83.6806	-30.3239	20.1327	26.0666	29.6181	-16.0276	25.3072	45.9087	-46.8416	-50.4356	79.0794	15.8793	-58.915	-18.2674	-63.1104	-11.5872	-50.7473	-31.4652	-48.1798	-21.8348	-62.437	45.8634	-61.0708	
Iter 49: -8.77975	4.72152	58.8759	-12.3965	-7.9174	73.0476	-35.5131	78.8431	-28.806	23.5858	18.945	33.5708	-22.8975	34.1714	40.887	-39.5657	-57.9683	82.1849	3.51451	-53.9729	-18.9999	-60.9687	-6.1848	-54.4555	-27.528	-44.0593	-15.8387	-34.6254	63.3458	-42.8936	
Iter 50: -9.74268	18.1793	55.6855	-11.6039	-9.67221	70.0682	-53.8382	65.6129	-17.1035	25.5451	28.3257	26.9003	-28.2581	-0.0395799	46.2529	-57.0593	-62.4788	81.1172	29.3158	-63.9189	-2.02957	-71.495	-36.468	-33.0545	-26.1988	-63.109	-12.8007	-56.5052	65.8654	-65.7535	
Iter 51: -6.5681	23.4497	45.6777	-20.6467	-9.37935	75.1077	-30.8858	84.7769	-32.9927	39.017	25.1003	34.799	-22.6956	6.39753	33.1147	-37.4361	-52.8816	82.5323	25.373	-49.5835	-19.7179	-57.7894	-28.5111	-51.2046	-26.3343	-50.9492	-9.81667	-34.6472	40.407	-63.2294	
Iter 52: -22.0414	21.2505	54.2974	-12.5851	-22.7885	78.0942	-38.4527	89.3186	-16.1797	21.3822	25.2169	31.5923	-36.6763	24.4465	43.4736	-50.8421	-51.6125	78.8862	12.1556	-61.0715	-10.7499	-56.4293	-36.1271	-53.9442	-17.2601	-31.8747	5.18257	-26.3405	70.475	-43.2087	
Iter 53: 5.16293	0.568729	53.456	-16.954	0.93587	64.9901	-30.8078	87.9211	-33.7599	44.8926	20.7497	41.7729	-38.7899	21.6779	24.4365	-57.9449	-57.3277	72.0585	17.4877	-43.2914	-13.8969	-55.5482	-26.1222	-47.4194	-18.6803	-45.0057	-4.31736	-30.7481	53.8084	-72.9493	
Iter 54: -4.78525	-7.15842	68.253	-10.3478	-10.6323	68.8829	-51.7246	82.4711	-24.6515	27.6991	19.552	34.2642	-24.4048	17.7043	34.0597	-44.9635	-67.6158	75.9158	-8.4742	-53.4121	-14.8823	-61.9517	-12.281	-54.123	-19.0237	-48.3291	-0.322708	-46.5224	44.7688	-43.3528	
Iter 55: 5.9396	10.4615	61.0453	-1.25318	-4.82794	64.945	-45.0396	88.0328	-44.1486	34.4022	21.4355	30.7988	-16.2435	17.411	28.5105	-33.6354	-50.1069	69.1364	2.87654	-48.6494	-23.3888	-58.5712	-22.12	-51.4567	3.87166	-53.8964	-0.802288	-47.2635	47.7667	-57.1568	
Iter 56: -7.08012	21.3877	60.6633	-13.675	-1.04173	77.6665	-35.0375	73.7019	-29.7477	17.3607	19.1828	31.1159	-26.7582	3.26562	31.7141	-41.4683	-58.3814	73.5766	-2.46666	-52.6167	-12.5619	-70.5295	-19.9769	-49.8895	-19.2194	-43.0193	17.6603	-35.4933	69.6356	-38.5088	
Iter 57: -12.0874	29.918	66.7919	-14.7069	2.12065	64.0486	-32.7539	83.2092	-25.6441	42.8234	15.6085	42.5228	-21.8416	-2.25555	23.9003	-35.2843	-49.8568	77.4093	-1.43494	-57.3775	-10.6929	-52.4576	-16.3589	-40.6436	-19.3674	-59.3735	-2.58805	-42.9389	45.8393	-46.7858	
Iter 58: 9.54531	17.3723	48.2775	-14.8512	-7.75719	67.3438	-43.19	84.7198	-34.2253	52.9353	19.6068	43.4147	-19.6745	15.9088	28.4204	-51.856	-62.2106	82.3177	7.90646	-56.4165	-10.0892	-63.3318	-28.6317	-55.0463	-10.8103	-58.1729	3.2882	-32.9184	28.5359	-52.655	
Iter 59: -1.14585	13.6248	50.9758	-2.13895	-16.5548	72.9171	-37.6367	83.8245	-46.4974	27.5441	11.952	30.2829	-22.9407	48.863	31.4258	-37.6904	-59.4601	74.5332	6.35233	-53.3499	-17.4706	-67.2152	-22.2408	-51.3207	-14.4316	-49.1813	-23.4803	-43.6412	49.1703	-58.5049	
Iter 60: -15.4188	30.0164	51.4737	-13.2784	-10.6839	75.1155	-58.2443	79.0445	-15.7719	27.6483	12.3956	32.9303	-9.88745	5.04786	35.9723	-71.7021	-58.7918	76.7817	13.8675	-58.9339	-12.8572	-57.6808	2.31447	-55.9983	-29.1205	-48.5652	-3.72975	-56.0702	38.4998	-54.1831	

Best Xs Fitness
1300.26
1300.33
1300.37
1300.43
1300.28
1300.46
1300.34
1300.48
1300.34
1300.37
1300.35
1300.35
1300.4
1300.3
1300.34
1300.4
1300.45
1300.25
1300.3
1300.47
1300.43
1300.29
1300.46
1300.27
1300.47
1300.32
1300.38
1300.22
1300.3
1300.25
1300.34
1300.59
1300.46
1300.33
1300.5
1300.4
1300.35
1300.28
1300.28
1300.29
1300.46
1300.33
1300.5
1300.47
1300.48
1300.21
1300.28
1300.3
1300.34
1300.25
1300.42
1300.52
1300.32
1300.36
1300.36
1300.44
1300.5
1300.41
1300.33
1300.4
