13-Dec-2018-12_37_59
 - Ran 447.871467 sec, min 520.841


Best Xs
Iter 01: -132.354	-167.169	-33.2422	88.6361	26.6045	-118.903	232.71	41.8755	-60.8507	-136.949	91.9691	224.99	168.901	106.157	145.246	203.725	-49.6447	-58.9063	-160.824	42.3803	95.8924	12.0589	107.854	-101.214	-171.491	44.6827	91.2733	58.682	62.2751	-108.754	
Iter 02: 76.8717	57.896	54.5847	71.8579	64.4305	28.6534	-87.517	92.6106	81.6605	63.3342	7.63903	116.114	-91.0616	11.2471	-80.8601	-32.824	59.7097	47.8242	57.7472	34.3622	-48.8317	98.686	-82.1378	-30.5032	83.5774	-53.7101	-63.3612	81.6352	5.58245	-67.6885	
Iter 03: 50.7289	-7.53443	125.512	14.1003	82.0544	95.5869	-79.6584	33.3494	94.282	-32.0741	-185.194	-87.3961	36.6455	-30.1396	-47.7211	-5.32032	30.3424	151.532	-59.3311	-155.91	-10.9006	-146.944	-15.6148	-32.0025	63.11	-64.7628	56.5408	6.74642	81.4858	-86.4898	
Iter 04: -140.185	-86.5226	-41.2636	-46.6285	-135.625	10.9557	-24.0233	-3.50378	-9.18373	43.5618	4.29635	115.955	168.504	71.1856	132.994	-50.7941	-129.053	8.55626	30.4829	-32.5444	59.122	4.98566	49.152	-81.4088	30.2319	106.491	4.56155	-66.3178	131.542	-77.9015	
Iter 05: -70.2329	-39.9126	-33.006	38.6035	26.6951	73.0609	12.7484	101.795	-43.041	78.6025	5.50243	4.62808	-57.0114	-46.4382	47.2783	-51.6079	-59.3041	-46.3298	54.8371	27.5408	92.0945	32.1485	29.0075	-62.5718	-15.6244	-28.3097	-68.4574	-32.7738	-47.9926	11.8076	
Iter 06: 21.3082	-18.4072	-32.4263	-4.67899	10.8931	-79.2651	62.6002	-81.6397	-66.5124	26.934	2.41344	-73.3161	37.7469	71.8289	3.55478	-11.1989	51.3798	204.166	71.8861	-43.5683	104.174	78.4777	17.2944	-61.826	39.0489	-28.3645	-99.5046	-111.063	-128.451	-156.493	
Iter 07: 39.4929	2.42668	60.6407	27.9938	-1.4033	-33.0723	-58.5137	32.9575	-48.1182	43.6803	-24.9658	15.0497	14.6102	24.8665	-40.8062	13.107	13.1282	-20.5481	13.1408	60.343	19.3647	-14.781	-3.99521	64.2719	19.0004	-23.9413	-51.0029	22.4735	-34.8532	8.84377	
Iter 08: 107.024	-18.9586	-55.4617	-74.0999	63.4482	-18.2001	-23.6113	72.1877	177.885	-114.869	18.886	16.8036	57.7235	-37.4085	-120.112	32.5504	-155.616	-10.2776	-103.814	-78.2103	121.918	-34.2094	-53.3215	-21.1658	-101.322	-84.8029	-2.99621	-269.997	77.5332	-23.8237	
Iter 09: 36.3496	-68.1246	13.2983	-16.1109	-1.86425	-6.74939	4.68289	-0.292589	-8.55308	-15.2655	-36.1084	-26.2719	14.8412	-30.0834	-27.0393	5.56018	55.2336	0.0273396	21.0994	32.1253	23.7297	-3.25579	-2.32439	-27.9752	-32.6877	-59.9175	17.3111	50.2118	11.9762	-41.8981	
Iter 10: 47.693	-90.9126	129.156	-111.528	13.6362	-81.4091	-7.64764	-105.172	-33.8387	22.5624	58.8875	25.4692	4.0857	11.0583	-13.501	45.1721	-34.1987	6.6839	23.2396	37.3317	-40.5281	-24.7304	29.3743	-13.1202	22.2297	-7.59257	4.84833	-42.8507	-115.429	5.45441	
Iter 11: -162.599	-88.9539	115.603	52.4513	-99.3509	78.4897	-107.864	-70.1873	139.066	-120.421	13.291	122.406	103.926	294.552	-210.461	-50.1316	483.323	313.613	42.7151	-218.063	-303.142	-290.717	-293.645	277.142	-22.1262	-121.703	-195.275	-9.32932	109.81	11.2171	
Iter 12: 103.302	-19.503	39.7204	15.9558	61.4771	-7.32422	93.847	124.621	76.5764	7.73087	-25.7096	6.65636	9.53959	91.1854	-15.581	-80.994	-78.7736	76.4421	37.2792	18.3047	-3.76537	-14.9869	55.0634	102.942	93.1585	78.4512	21.1078	-43.3333	4.76158	92.4101	
Iter 13: -66.6441	22.0663	-46.9901	69.053	59.9555	-62.2819	15.2837	-97.9609	71.7373	20.048	57.1411	-15.9768	67.4504	-46.3162	-94.4536	25.7203	-72.1564	7.86564	-32.7931	-59.4177	-82.052	1.31133	-95.2482	-78.7218	-30.1285	-14.3292	-99.2328	85.7878	-55.635	-7.6249	
Iter 14: -31.1189	-53.7307	9.53617	-25.9026	58.3282	13.11	35.8369	-33.0322	47.7229	-24.5518	34.3111	-34.6886	-40.0816	-7.78773	-37.1524	54.6692	52.2777	38.0597	-55.6603	-42.7077	50.9354	45.9721	0.0157631	20.5358	23.5548	-58.7495	27.0857	-25.0784	72.6882	33.4078	
Iter 15: -66.164	-25.6332	-96.746	-56.318	9.71237	-69.7837	-91.2317	8.49219	-97.8102	99.5728	-99.7118	-111.94	39.6073	56.0647	-95.3745	11.3855	-89.7649	84.7227	-51.6314	106.333	87.9317	-58.2194	-60.9608	80.123	-115.633	20.6389	21.9318	94.8586	110.703	24.2201	
Iter 16: 23.4411	-47.3463	-80.8658	9.88266	28.5292	-57.314	-64.975	-89.8558	24.8221	125.224	-20.1741	16.0695	105.693	-117.635	-83.284	59.1711	-27.1154	-75.0517	-47.7757	81.8726	-85.129	61.2901	-33.5735	-32.3012	94.7538	74.542	77.2179	-88.9959	8.94181	-126.834	
Iter 17: -156.387	-32.8638	-111.515	-71.6952	99.7296	87.6592	-88.6581	-40.0325	-115.82	74.6797	64.2384	-23.2356	-149.701	42.6695	66.998	-81.8049	-137.358	104.386	91.5062	21.3574	1.48565	-6.78172	138.109	-108.668	-107.294	-23.1725	-96.9263	-7.29181	64.5321	6.54316	
Iter 18: -11.6564	58.2811	72.5339	-15.597	18.9096	-16.4241	-44.7009	9.68242	-49.3999	-51.7014	-21.9471	-13.4194	30.012	-14.843	-41.122	-68.8446	42.212	27.1732	-11.2799	-5.45164	4.04172	29.6431	15.1254	47.0962	64.7974	18.0131	-38.4551	95.6485	10.0052	-8.43609	
Iter 19: 24.3828	-22.4432	31.2992	-61.9967	-22.5776	23.013	41.6673	1.35897	12.9915	-9.5768	-9.64811	-81.1306	-7.79137	-62.6272	79.0925	5.91779	94.3189	15.2144	49.3544	59.367	48.1113	62.1846	-35.8881	3.41609	-12.4616	-111.5	-103.914	1.55969	41.559	-47.341	
Iter 20: -6.47596	-38.7074	-90.2019	-37.6697	44.4146	-42.173	13.568	-1.41484	18.7111	-84.738	11.8146	-21.3842	-2.65542	-32.577	31.6897	-14.8811	-19.3133	95.547	-26.1855	11.3624	38.8857	62.0353	35.5033	46.6627	-22.8876	35.8291	-17.6518	52.6501	-13.016	-46.3548	
Iter 21: -1.6182	34.6638	-60.0299	-29.2175	10.9605	55.1117	-58.4833	59.2205	-33.5685	-4.13945	42.0929	-52.9458	-15.4158	11.1743	35.8619	15.8625	-42.4061	-13.8506	3.44908	13.5805	-2.49741	26.882	15.0522	37.6083	66.2756	59.7805	-62.2998	41.234	8.35988	-48.6634	
Iter 22: 23.7156	22.1385	7.34513	10.6782	-22.2491	-17.131	-13.7915	-62.4005	118.161	-0.569442	41.3906	106.421	-12.2074	0.278684	-91.45	93.6712	0.0269045	70.0168	-64.7702	-39.0898	-92.4835	-111.862	47.3681	6.55443	46.6114	31.3689	33.9021	-64.7655	68.4904	69.1814	
Iter 23: -91.3055	71.6251	-13.3025	74.251	4.35069	7.09795	75.2653	44.3976	43.5627	30.8289	-0.104486	26.9538	7.92039	62.8764	-71.4092	17.4343	-41.7394	43.9843	0.216014	-52.119	-65.1231	9.3331	-20.242	-54.5651	-33.5436	45.5701	57.0979	59.3984	-63.3679	-27.2278	
Iter 24: 11.4556	-44.8054	-73.4274	-16.5674	47.6024	45.0916	-45.3068	28.5198	78.8822	-41.0825	2.3763	41.1097	47.4698	-67.4222	105.639	-18.6612	-85.7501	47.5874	-21.1389	46.4902	2.76603	50.2287	30.4205	-23.5235	-32.9652	-54.7942	2.31979	-70.8943	-34.8052	75.1207	
Iter 25: -15.0641	4.49475	-30.5986	-83.8927	1.20917	-20.2818	-47.9131	-0.260491	18.4792	-63.1172	6.11979	73.2546	-65.9686	-72.4702	1.3694	5.42486	57.3149	7.40917	55.2366	51.7261	48.5277	64.7712	25.802	30.7598	5.95214	-62.672	-4.10994	0.402702	65.7267	-89.7345	
Iter 26: -8.89155	94.1577	3.67051	16.1847	-32.1461	48.88	90.2133	-67.2677	64.4177	43.6007	-23.1224	51.9591	38.05	-81.5916	-90.9556	50.1457	-27.8746	37.4718	66.0862	-19.2779	22.2039	49.3404	-33.5303	86.3953	-78.9119	-30.7355	-98.8652	68.0896	-30.1139	-77.6539	
Iter 27: 101.284	126.316	-125.039	-38.0479	27.7496	85.4897	-193.462	-171.069	-43.4807	-94.9662	140.634	-87.1299	-113.407	-20.8174	-48.5054	-156.437	-98.9019	-181.54	-191.613	196.87	42.3571	-175.914	-56.8243	-106.906	172.111	-102.161	-157.624	-124.783	-56.8547	-199.52	
Iter 28: -23.2746	-52.6645	35.8042	-116.519	30.2465	51.1929	-1.02124	-48.092	24.551	-123.42	57.389	-0.388325	146.371	77.7794	-4.56821	-79.3993	-66.7385	-27.2991	45.0822	-23.26	43.4357	-56.527	76.8499	104.834	-50.1073	0.366378	0.790081	-113.658	100.403	26.2346	
Iter 29: -16.7441	57.8576	131.772	118.468	41.0885	-147.535	124.13	-32.9531	-98.9772	85.4129	-72.3912	111.746	-146.259	-83.0384	111.173	117.458	82.3062	110.62	-19.8562	21.8796	-37.509	-101.233	134.975	30.3634	11.558	66.066	-124.124	85.5989	75.9849	18.566	
Iter 30: 4.30002	60.6093	-33.0903	-19.1599	-35.306	2.07836	41.5221	59.8383	32.6031	21.0849	73.7023	-15.2808	7.91591	65.8958	-10.701	-1.21179	8.86018	-24.5502	-26.185	49.0595	7.88856	11.5654	21.6337	-28.3558	-29.1509	-39.9416	-22.2898	-27.3654	17.7083	12.4524	
Iter 31: 9.29586	49.1435	47.2884	-59.3043	-75.7475	18.3095	-86.697	28.1502	-10.827	-26.952	44.242	-43.5509	23.4503	23.7697	42.6494	35.7822	-11.9521	-95.333	-28.9861	23.3217	69.572	33.9124	-32.7836	-85.4983	-84.5877	26.0681	-44.3539	6.91157	95.0004	36.5625	
Iter 32: 79.8999	-54.1443	-4.51018	75.7233	-5.80032	32.6893	-30.6774	-57.4923	-8.13648	-90.8501	-23.2921	73.5417	-26.4629	37.8533	31.5795	-13.5712	-20.883	82.6764	15.3891	15.3226	41.9134	-53.0439	-34.3485	-44.9273	73.2081	59.0113	-57.8641	45.6862	-73.2245	-54.005	
Iter 33: -39.3422	-64.5398	-47.8197	132.088	41.7101	28.9328	-87.9425	-92.8142	21.8121	20.158	4.17254	148.711	-13.6025	52.4682	-53.0818	-56.6091	4.38496	39.7553	25.3751	-29.8208	76.3283	-50.1728	114.84	-13.6429	-29.1737	165.387	10.6443	87.0581	-3.0258	52.9598	
Iter 34: -101.85	150.771	60.3049	179.326	192.292	30.6561	129.095	57.818	4.4791	-57.6869	-28.4823	37.7914	182.614	-68.0919	19.1317	61.3437	-192.492	-18.7679	-119.296	29.505	-167.476	-215.533	93.3727	-14.7555	85.7864	-194.099	-132.813	86.4192	-141.575	66.1571	
Iter 35: 70.3226	-37.171	-88.4806	-39.4427	-104.823	-50.8985	202.149	94.1413	77.9088	-102.354	-10.8452	75.6948	-25.8632	-179.497	74.6353	114.231	-39.2592	89.8798	-63.8006	189.952	148.375	25.115	-68.1765	9.05055	-250.619	182.942	-12.1316	-181.158	-26.2412	-135.278	
Iter 36: -22.0668	12.2896	30.2052	-27.5606	-28.0377	35.4378	-39.4412	5.22208	4.98717	-35.0637	5.00502	29.6692	38.5841	31.8063	-56.105	-35.3797	22.246	-45.8152	63.08	-12.2431	-12.0518	34.8234	24.2118	-16.5424	33.3765	-6.60891	-20.5926	-55.9449	-15.525	-82.9869	
Iter 37: -98.9135	93.0781	22.4731	-69.8408	61.2615	-21.1875	-32.6854	69.5202	58.1158	35.1269	-14.0549	30.4819	-38.2282	33.1711	20.3665	31.7837	77.0369	7.66882	-54.9973	38.3582	94.457	27.5555	68.2382	-60.2398	48.4996	80.0419	5.22547	26.951	-87.9079	68.2059	
Iter 38: 95.9776	75.9984	-114.663	2.4052	161.075	-86.0343	-18.0359	171.754	-3.5588	79.9955	-111.358	50.3501	-42.7245	77.433	94.9921	150.389	99.0645	-163.369	31.6022	-145.227	-9.76209	-173.327	120.81	-80.5796	-218.788	161.788	-81.0622	131.731	7.58476	-154.544	
Iter 39: 2.66606	-28.1354	-11.2514	41.4141	81.2747	-23.3608	72.6756	-5.07171	-48.9322	45.7308	-58.3757	24.3244	2.17944	49.4148	70.3566	-127.781	-18.7839	73.9935	37.7879	59.058	-92.8778	-16.4445	-25.1274	-39.0335	6.26275	-29.2144	-68.4248	-0.440596	91.5804	-75.8476	
Iter 40: 113.535	-178.646	-281.515	-39.6346	187.076	-191.988	313.675	359.236	-320.097	246.288	-33.436	179.742	-213.208	277.489	225.308	-142.844	143.457	-195.482	221.957	-146.691	-270.051	63.1525	248.815	-279.9	-17.356	157.875	73.6651	-40.0737	-174.039	-336.29	
Iter 41: 23.1732	-25.0622	-17.261	3.20815	22.0003	18.5826	0.693065	11.4946	-6.36254	13.3021	-23.9268	45.849	-25.4988	-27.8961	-56.1777	-0.931569	-19.182	-20.7759	38.3748	-27.8893	-19.8206	37.7094	-8.98543	10.0549	39.4126	40.6304	-32.5916	-36.8161	26.0418	51.9257	
Iter 42: 18.0499	42.2202	-42.3285	70.2525	2.42644	-14.7622	-30.0127	-25.4808	3.54086	16.481	20.0368	-2.11668	69.688	-3.69175	-72.989	48.194	30.7171	24.3384	-12.2752	-8.95461	-53.5831	-3.54349	-6.67616	-19.5695	-8.54287	-76.8694	15.4336	28.458	46.1428	6.40122	
Iter 43: 7.17734	-1.62634	-4.5244	10.775	-0.0528759	-16.0192	97.5102	22.7804	-21.8048	86.2767	73.7503	-32.6327	-28.1891	37.6902	-80.5594	68.7103	-83.8692	38.6393	72.7066	5.91493	-6.23002	30.1207	-20.9428	-51.306	-53.5273	16.1436	44.1291	42.7659	-16.6961	-37.8351	
Iter 44: 52.2494	38.7162	120.997	-22.9839	123.897	66.6777	-6.06097	3.55291	-59.7186	60.135	-103.599	18.3712	-6.82707	3.56045	14.827	-42.1359	71.0354	33.879	49.6446	64.4095	71.1059	81.0103	9.24566	-13.0309	40.9124	-84.3921	6.20504	95.9848	13.4828	-10.8691	
Iter 45: -303.826	60.4595	107.949	-40.2787	92.7268	99.9729	429.124	-359.627	55.3624	-402.778	30.5462	-381.637	355.699	190.495	33.1043	-637.776	-540.308	-345.276	-194.216	-198.845	342.657	-83.1404	429.346	70.796	-159.235	-290.276	451.9	-94.0953	-220.256	-76.4444	
Iter 46: -194.795	-48.004	-73.0203	11.242	142.544	34.2419	-86.1016	119.774	-66.1661	-8.46564	-195.994	36.2016	-3.29961	-30.9122	-124.565	2.59703	-12.0199	-76.4836	58.7229	23.0717	66.232	-37.0206	-9.06019	74.6675	44.0927	59.3714	43.249	94.886	30.3226	47.5484	
Iter 47: -39.8652	-2.09137	-9.78493	53.1534	-73.8953	-35.4723	24.8901	54.7915	-39.9183	-27.9198	5.16826	-55.8927	-11.742	21.8065	-0.6837	6.01025	43.1225	14.2064	-22.4338	-19.56	-31.2258	31.2512	-40.3817	41.9128	-10.0675	47.9849	45.7529	-25.7507	-13.7216	-31.9697	
Iter 48: -9.90516	10.1462	31.021	-13.1118	-38.8373	-9.31028	75.0812	-58.1323	-23.8014	9.65346	-69.8595	-60.1377	16.4641	-74.0168	-39.2386	35.4436	-19.0107	-22.9695	-70.7274	33.0105	-82.4401	52.4231	82.316	85.3656	6.23963	-14.8076	21.1712	88.9602	65.48	-61.8622	
Iter 49: 7.30912	20.5676	-31.2177	6.52387	-78.9845	-38.4522	-117.147	54.6248	50.3767	-17.8027	-78.0648	-11.8888	56.5355	39.3707	13.6237	40.1304	35.5781	-14.2913	-77.7729	49.4046	-107.333	-35.0897	-33.7065	83.6598	-6.68676	-33.4444	42.1513	-86.7248	28.0837	41.6463	
Iter 50: -31.3416	15.9691	-96.0448	22.7322	-21.3989	84.1807	-91.6884	-92.6611	-139.365	50.3312	41.8594	134.356	-62.2217	30.8063	-89.2875	-119.719	166.351	-67.1931	-34.9468	120.049	-57.8131	89.8216	44.2042	-31.2531	13.4604	19.0959	-117.977	74.826	16.3998	-38.6481	
Iter 51: -69.2629	57.2394	-57.2905	37.203	40.8148	-2.49955	0.614282	49.9129	-12.0599	49.6135	-0.963201	15.8578	12.937	70.0526	59.4774	40.4797	-18.2205	29.4101	-31.3837	2.33538	43.5068	34.0833	-68.1941	10.2004	27.4753	-48.4171	-1.74502	16.3933	28.2064	-4.55871	
Iter 52: -50.7403	-41.9678	-3.33062	50.7646	69.2947	-10.777	-47.6918	-15.7699	-60.8144	6.53039	63.3958	32.4702	-61.1649	44.1651	-77.0361	18.9913	-42.2716	60.8241	-23.0759	10.4625	17.1534	-2.49764	17.8413	61.7608	63.2262	-69.1565	-12.4639	-16.5983	32.3217	59.3135	
Iter 53: -10.1298	-45.8126	28.1572	-22.8785	-14.0546	-23.9489	78.1065	-17.3457	-16.1555	35.9924	54.1244	-2.24312	-0.446505	-31.8516	29.9697	-14.5342	31.6035	62.2037	-2.07783	-55.8824	-64.2499	85.1751	35.6541	-47.1192	48.1359	-6.44469	35.4183	-70.3274	66.164	3.1875	
Iter 54: 21.2978	30.3029	-51.1773	52.7013	-64.0604	-41.2927	74.1997	30.8554	26.5109	49.1161	60.5734	36.4405	-3.38887	39.7625	74.6468	-70.6111	18.6441	3.07074	-36.5459	1.90956	-70.8484	18.1208	27.756	89.0343	-35.1304	-22.1583	94.3604	15.7148	-49.8134	-48.0066	
Iter 55: 15.1004	32.1583	20.0517	-19.8666	-41.2984	42.7307	-76.3163	-46.3383	18.364	-41.6146	-50.8995	74.311	31.947	119.548	-40.8032	-33.4371	-61.5612	12.8956	69.607	10.453	-78.7904	-25.6364	32.8419	103.746	6.16814	36.9623	-54.0317	66.08	46.2355	-46.1618	
Iter 56: -3.14371	-48.8161	11.2862	-15.7839	9.15034	31.531	19.3079	-42.0813	-7.24963	-19.893	-78.795	-67.6683	-19.9467	37.0405	-66.9562	14.3969	-46.8169	-51.7145	28.7962	-1.20796	20.4702	-14.6563	31.3006	5.12267	-0.856955	12.0957	12.5381	-19.281	-10.2849	-5.35595	
Iter 57: -60.3913	-0.262997	5.49741	-10.7173	11.9339	-29.0637	40.3268	17.4542	14.0775	-7.95666	-54.0879	-13.1302	15.5212	-72.0124	-1.54019	54.6713	48.9054	3.92712	-49.088	38.5645	-24.5749	1.41757	25.2479	-10.7161	-55.4524	-10.8982	28.1704	70.2719	-37.4918	-30.6536	
Iter 58: -33.093	-13.8596	-48.0014	-82.1468	65.3565	17.2075	23.0567	10.8707	17.7422	-23.3152	-20.2033	6.91158	-67.2034	-32.9798	57.395	-31.7426	-28.6298	-53.1735	-27.2594	-45.6017	-0.841854	-103.07	-35.7061	5.24029	88.669	-15.5333	72.9846	5.61332	19.5727	35.7204	
Iter 59: -21.9665	35.2355	-34.9977	54.2826	-51.7878	-15.2376	-33.1668	-47.8395	7.67706	12.0085	1.16863	-65.05	-38.0064	-46.8267	50.3193	-31.1314	-32.398	-57.2591	36.0654	-37.61	82.6838	-9.50928	13.698	-21.9265	-35.2935	-29.5407	5.09185	-48.561	50.8411	29.1973	
Iter 60: -34.0152	-29.6472	-64.7416	-51.5165	82.8308	-79.7043	39.2722	-40.0765	20.0389	-78.244	-64.0944	21.0835	28.1017	4.34201	-81.2367	-52.2439	-34.3029	-54.7901	-60.1696	67.8256	90.5579	12.2653	14.7009	24.8827	62.2133	-61.5165	-61.5135	30.3565	71.4311	-76.2977	

Best Xs Fitness
520.96
520.977
521.006
520.945
521.022
520.969
520.966
520.985
521.017
521.007
520.883
521.02
520.865
521.008
521.009
520.952
520.847
521.016
520.947
520.983
520.984
520.902
520.946
520.996
521.003
520.992
520.927
520.989
521.018
521.004
520.974
521.026
520.976
520.961
521.003
521.022
520.912
520.884
520.866
521.021
520.997
520.961
520.911
520.915
520.911
521.014
520.841
520.948
520.958
520.991
521.015
521.003
521.048
520.877
520.879
520.932
520.958
520.946
521.021
521.014
