13-Dec-2018-12_37_59
 - Ran 432.057151 sec, min 2585.73


Best Xs
Iter 01: 24.2234	14.9019	12.4769	1.61507	-5.30053	-7.65662	-0.795491	1.38691	-16.658	-12.0115	31.9262	17.2376	9.51683	1.59941	16.3867	-11.4697	7.18723	31.6126	34.7523	-17.3603	31.576	34.7187	32.5894	-8.74744	40.9471	-7.05879	23.3942	1.99172	4.70875	3.03221	
Iter 02: 5.67901	-15.0629	27.0281	-0.583278	-2.40966	8.16271	0.391712	4.64562	0.109848	19.1773	10.4156	-18.9323	-38.4201	5.93444	24.0538	-8.28549	8.01408	-17.1173	20.8535	31.2362	15.6402	-10.5387	-16.3344	8.11903	3.53566	-6.73042	9.28289	17.0066	53.3607	26.2399	
Iter 03: -36.949	13.0507	-1.52259	-0.42253	-29.5524	7.86259	-15.5819	4.4502	-15.6554	35.3802	10.268	32.3898	10.3396	53.3305	-12.5229	-8.20809	29.7873	32.3709	4.58961	17.7283	15.6099	-11.3112	33.6387	-7.44404	-12.0707	-22.339	9.20415	14.5837	-11.9074	53.3161	
Iter 04: 23.0452	-36.8423	-1.83263	-1.84857	18.4752	44.0583	-0.753706	-14.8494	0.327216	19.2565	-42.7836	-20.1064	10.9217	7.08865	54.5683	-7.7779	45.2749	-17.38	5.89907	54.7044	16.108	-9.29197	-16.2723	-7.47017	3.61728	42.2814	7.64029	37.6751	4.94082	27.0156	
Iter 05: 5.65098	62.6772	-22.4518	-37.7454	-2.30267	46.1935	0.360001	4.52424	1.66684	-2.88286	10.1837	-3.66756	-17.1767	40.8927	94.0744	-8.51741	7.53236	-17.2351	4.80989	31.982	-37.4126	84.5802	-14.4387	8.65136	3.89174	14.5066	25.1999	56.5316	-13.63	-33.0888	
Iter 06: 54.9894	13.2227	-1.35537	-0.33728	-2.13445	29.3292	0.403579	42.1207	0.368746	19.5013	-17.2238	-3.30336	14.2359	19.1383	17.8449	-7.31243	29.0891	3.87727	5.40284	31.9293	15.7159	-9.90504	33.004	-7.57365	3.71922	-7.13521	9.76168	2.54531	-11.661	-33.4452	
Iter 07: 5.50817	34.0474	-22.9836	21.4755	19.4136	7.80049	-16.0062	-35.0729	0.664755	17.9041	10.9027	-2.12447	-3.39539	19.8297	-13.199	-7.69673	29.2864	-32.6457	4.29549	18.0131	15.3722	11.1315	-31.7646	8.63276	-12.3238	43.2935	9.01418	17.5088	25.2439	4.98539	
Iter 08: 34.1967	-13.6674	29.1106	-22.1699	-2.31103	10.3383	-15.7306	4.02357	-15.913	33.5232	6.89747	-17.8265	-37.6373	-33.3927	8.22934	-8.1636	-15.3643	-16.1418	-17.7762	-11.4329	30.6394	-10.3113	32.1588	-24.8142	-0.165693	7.70026	28.5173	30.4517	1.83237	-35.5568	
Iter 09: 5.27917	12.7033	-22.6211	-16.0016	-52.0059	7.6701	-15.1442	4.81247	-15.703	18.0702	-17.3886	-3.23584	-16.749	-12.8114	23.5302	-8.49118	-5.80691	33.0643	5.25633	33.2324	15.1746	-10.4222	-31.6394	7.77914	3.96441	13.4118	9.34522	16.4043	3.44895	-11.4551	
Iter 10: 23.6159	13.0085	-3.64231	-15.2915	0.00189818	30.7433	-17.9632	9.09382	-16.7656	16.4847	-37.9304	28.9395	-41.5837	22.8378	12.4475	-24.6365	27.8271	2.29774	6.33365	14.4132	19.9322	-29.2998	-12.6455	-3.41861	-18.4772	-20.2262	23.608	17.6627	-20.621	-13.4441	
Iter 11: -33.5684	-52.8171	-38.8717	-0.829076	-16.6743	8.10028	0.207192	4.88004	-15.4387	19.1245	-39.1994	-3.41076	11.6247	41.8278	-51.6846	41.7204	7.3067	4.70343	4.856	-1.53715	30.977	-11.1394	-16.2547	7.98109	3.29253	-6.71767	-26.2816	54.7481	25.7721	40.6577	
Iter 12: 5.80808	12.0929	-0.669781	-17.2272	45.5393	-42.5663	-15.5049	4.3603	-14.7841	17.742	-39.4292	-2.76991	10.5435	56.9855	4.69495	-8.45469	30.1383	4.09713	4.861	17.1442	15.1604	11.0521	33.7392	7.78713	3.22325	-6.04103	9.61047	38.4403	2.65715	4.71223	
Iter 13: -51.531	11.8125	-23.5065	-0.259384	-17.6098	28.8092	-0.671495	22.9047	-16.411	19.5482	-38.6467	-3.65843	-38.5373	55.8707	17.7102	-23.7932	29.5796	4.03984	5.03132	-1.14125	-57.0854	-11.1676	5.47982	-7.79569	-11.2467	-5.18212	9.02975	38.1344	25.3905	-12.2763	
Iter 14: 7.55648	-15.5616	27.1696	20.5279	23.3178	43.8396	-0.0362163	5.18295	-0.855708	18.9784	10.0035	-18.3781	11.3131	40.7075	-52.4727	41.3204	5.93068	32.8605	-19.0158	27.6348	15.4097	-62.1602	-15.6462	-5.61544	-53.8355	-23.0223	25.7889	19.2155	5.52693	2.59697	
Iter 15: 5.51447	9.99607	-20.5633	1.63211	-2.61459	9.62324	-13.9406	5.96218	-4.67907	34.0315	-5.42127	-2.85401	-1.08799	38.0088	8.1308	-22.8581	-22.5648	32.3521	-16.2494	-18.6973	16.3941	9.74595	-13.672	-8.14612	25.6568	-7.14689	11.3728	-15.0104	3.41697	25.7972	
Iter 16: 5.75277	13.1179	-1.34	-16.5382	-2.26324	7.75599	22.0039	-34.5535	0.117113	19.3394	10.516	-3.19182	11.6532	5.70098	59.3989	-23.9194	29.7394	-32.9293	4.91365	-19.1069	15.5563	-26.3821	-16.3304	29.8399	-12.357	-6.66708	25.1559	38.8442	3.70088	-11.3527	
Iter 17: 5.89706	12.8032	-22.8867	-16.0225	-2.24508	8.06845	0.51205	-34.2438	-15.4859	34.92	10.933	-3.26898	11.6731	19.6472	-13.0126	-8.05569	8.31372	-16.8211	4.73059	-15.6637	15.5814	-10.2321	-15.6711	-7.22715	3.37556	-8.52956	9.52539	2.7188	25.8539	-10.6169	
Iter 18: 5.58045	13.2424	-43.9024	-38.0632	-65.7987	-5.98456	0.147894	4.85506	-15.7267	19.1279	56.9563	-2.82735	-38.36	40.0792	-13.0155	-8.24259	45.4335	-17.2155	20.5716	17.7654	15.5832	-10.2751	33.4494	-7.75696	3.58178	-22.1961	9.48314	-33.1588	3.51631	4.4865	
Iter 19: -35.7898	12.9336	-39.0547	16.4681	-0.786961	30.2684	0.0956375	-33.9284	-15.5142	19.0305	-39.4226	-2.47589	11.9736	-13.7165	15.7294	41.3565	29.4287	-17.6526	5.23632	-19.249	15.4065	-10.572	-14.5437	8.14512	-12.428	-6.53331	9.19543	-6.02405	3.80054	4.43866	
Iter 20: -16.9667	-14.5288	-0.35809	4.40466	-0.0351153	-0.026971	4.43861	3.42913	3.47318	34.1621	11.8227	43.2541	2.49577	-12.7897	-9.42464	-4.72059	23.5872	-18.2277	6.5637	81.6594	12.6706	-12.2311	-17.4555	-7.8529	4.89391	-2.00289	8.25331	31.9957	-13.1527	-9.93356	
Iter 21: -33.9055	-1.9471	-1.55985	21.1623	-16.6509	8.04884	-15.6406	4.59914	-0.0490987	19.2761	10.0859	-22.4741	11.2197	41.0675	-13.3158	-8.36317	8.48905	-32.7927	20.5831	30.645	31.1536	-80.8214	-16.2827	8.20444	-11.9136	-6.15743	8.26185	16.6058	-11.4242	39.4311	
Iter 22: 23.3397	-15.2612	-22.9589	-38.2925	19.3686	-6.10864	0.222436	4.89145	-15.6816	-2.32102	-39.288	-19.1971	11.4917	-31.1114	37.6437	-8.17429	-5.85185	-17.1822	4.76586	8.59508	15.6506	-10.5607	-32.0312	8.15194	-12.4513	-6.60578	9.21561	38.7712	3.70224	4.47639	
Iter 23: -33.7038	13.1407	-22.7929	-16.4611	-2.24275	-25.4781	0.123787	41.7953	0.229408	19.2757	-3.93903	-18.8919	11.599	19.5988	-12.7317	-8.27564	-5.84783	-32.8726	4.86282	-19.1342	31.4468	11.2101	-31.9987	8.1425	3.41384	15.0435	9.30525	16.9845	-12.1736	4.50571	
Iter 24: 5.29602	-36.5605	26.7319	-0.136499	-2.33978	8.05482	-15.712	-34.5528	49.8028	35.143	46.029	-18.8977	-37.4898	-3.41265	59.7091	13.8887	45.3658	32.8751	20.782	-19.1469	15.254	-10.7862	-31.9075	29.9039	-12.4575	43.2774	8.86475	-2.59469	53.7762	4.78466	
Iter 25: 25.9797	-32.1342	25.9912	71.4726	47.3289	-21.6311	-56.5358	11.8336	95.0066	17.5195	-22.4184	-1.71585	35.24	41.1335	-69.0026	26.1558	6.21171	-18.6482	37.7237	-57.8288	14.994	-25.6553	30.4822	28.6154	4.32214	2.53592	11.8057	-32.4563	-13.7535	-12.6719	
Iter 26: 23.256	-37.7143	-2.38979	-1.21105	18.7527	-5.23351	-0.491171	41.2819	-15.9872	-21.8502	11.2994	-3.23446	-16.3888	19.3074	-12.7759	-7.32866	29.3005	18.9433	21.2211	-1.84217	31.2013	-10.1341	-15.6533	29.2109	-34.1297	-7.00423	25.0359	39.2961	-12.5834	-9.65324	
Iter 27: 42.6964	12.725	-0.680614	-0.54059	-53.8689	29.5552	-0.147509	4.1232	0.112859	-1.69736	10.7107	-3.22925	-2.59494	5.05671	-13.2531	-7.16492	29.0183	-32.7353	20.6631	70.0089	14.9235	-10.4089	20.0638	-8.18431	3.47313	-92.4521	8.78593	-15.0099	-12.5201	26.2878	
Iter 28: 93.678	-36.5868	26.9328	-0.89103	-2.27298	28.9581	34.8433	5.11379	-17.8215	19.3644	10.6648	-3.00784	-3.20053	5.53142	4.9915	-7.63481	41.7965	-17.3671	4.70872	-1.37087	15.4675	-11.0007	-16.1755	7.8673	-12.4583	-22.3864	9.3132	16.5534	3.91645	4.2289	
Iter 29: 23.2104	-35.9971	-22.1844	-16.2462	33.8871	8.52716	0.235761	5.01852	-16.0855	-1.9673	-2.97856	-4.11272	33.0301	-13.1531	-13.2246	-22.1974	33.2983	-32.7054	5.82583	51.9792	15.3881	-48.4054	6.48887	7.88581	3.09374	-6.85545	25.3676	54.9219	-11.3077	4.13863	
Iter 30: 6.72137	-13.5572	27.0544	-0.552849	-10.7666	27.896	-0.382516	4.55275	-0.0802408	-2.62216	9.97112	-2.553	12.1745	20.0567	-12.7796	-8.93325	9.05958	-16.1887	21.5822	-1.30374	30.5983	38.0741	-30.7064	6.57065	2.41513	-21.8834	8.00086	15.1333	24.4792	52.9561	
Iter 31: 62.0338	-35.1394	-23.4039	-3.97185	-50.726	24.9591	1.43309	9.00195	0.104201	-13.5322	-33.4547	33.9446	16.86	43.3842	39.7828	-9.03036	-75.7483	67.9754	17.8112	27.7297	-27.9245	-24.6591	-19.4866	9.11251	49.3649	-7.87533	-14.4992	38.0746	57.8324	26.8706	
Iter 32: 4.8818	-12.2784	47.0799	-16.7645	-16.6756	30.9723	-0.41781	53.9843	-13.82	-2.71129	11.995	-3.46324	-5.28998	19.2307	-14.3991	-8.16883	44.2465	-18.0414	5.72466	52.0268	17.0004	25.8872	34.2017	-4.68889	-12.0511	-6.0478	9.45055	-4.31955	3.54398	29.8884	
Iter 33: 30.5374	16.4315	-28.212	-0.5003	-52.788	-13.9995	-0.215178	-25.6538	-14.1541	19.7135	-34.1866	-20.0975	29.6847	-13.0457	-10.2462	-6.12049	26.2722	-31.3876	-19.9926	19.234	-3.68295	10.2217	23.0729	7.10347	-15.5957	-15.0618	25.916	35.3614	-12.3727	4.23857	
Iter 34: 23.7051	13.2469	-22.823	21.2968	-2.37716	45.2648	0.236815	23.3654	-18.0457	19.1546	-20.2498	-19.0818	11.6365	19.4304	-13.0785	13.7572	45.5453	-32.7999	-16.8727	68.8727	15.6854	-10.5522	33.3443	-7.83369	-12.1242	-6.63835	9.44073	17.2248	-12.0903	26.541	
Iter 35: 5.84825	-15.0062	-0.836366	-16.5347	47.5273	24.2507	21.7747	23.0693	0.325664	-2.58455	10.4695	-3.32777	11.1101	19.6007	-12.882	41.9354	29.7296	-32.6003	72.012	52.6895	31.2898	-12.3637	25.1226	-7.38368	-12.6654	-22.2347	24.9368	-15.8191	3.70522	26.1978	
Iter 36: 23.8796	13.0371	-0.503694	-0.328681	48.0466	-25.2095	-16.2806	5.34715	1.10005	19.6698	10.9393	-3.25141	12.0411	5.54655	-13.1188	-7.92007	-25.5993	3.75063	42.0693	-16.5223	15.8445	-10.2633	5.32672	30.1252	3.84768	-7.38072	9.55263	39.0188	-11.346	-11.0777	
Iter 37: 5.6728	-52.7152	27.029	34.8189	47.6298	29.4179	-15.6112	4.94823	21.8463	35.1332	10.5403	-3.21367	11.5519	19.6419	-13.0221	13.6514	7.97	18.4174	4.89489	31.4686	31.3768	-10.5235	-16.2882	-29.238	25.1496	43.3586	9.28755	38.7741	-12.1337	4.51989	
Iter 38: 6.38502	0.324514	-19.6776	-15.7388	32.9745	-7.4811	20.1558	-14.0156	-1.41471	17.58	11.0878	46.5927	10.9687	19.4405	59.2001	13.4572	-9.86856	4.39388	19.8825	54.248	33.5883	11.3086	33.5641	-7.52398	-11.0484	-22.1137	9.06629	5.27102	-12.5161	26.1986	
Iter 39: -33.5411	13.2151	-38.9125	49.0989	-30.5341	29.4192	0.339409	22.8686	-15.511	34.977	-39.2427	-3.10922	-2.81376	19.7321	59.1006	18.2181	29.837	32.6026	-16.8029	53.1006	-56.7384	-8.42306	-31.507	-7.69861	-12.5459	43.0635	9.42359	-15.958	4.12827	4.50744	
Iter 40: 23.4664	13.1185	48.7262	-0.752614	-2.40064	29.4895	-15.5755	4.88706	-15.7048	19.4375	-3.74034	-18.9747	11.5431	41.162	-13.0002	-7.78402	8.09381	4.74822	20.6899	8.3842	-6.15003	-26.3335	-16.3746	8.23265	3.33998	-6.64309	9.36426	38.9986	3.53699	4.50953	
Iter 41: 7.80176	-13.2842	52.0803	-55.2051	-41.3577	48.1536	2.10583	23.0474	-71.2923	69.9496	-40.6227	-2.97969	-14.4966	54.7514	60.364	40.3758	28.7709	1.52937	66.0158	29.5924	80.8782	35.0315	-15.7072	27.4458	-9.76844	43.0537	-38.0012	50.3745	4.15535	38.569	
Iter 42: 5.74131	13.0469	-1.43329	-16.5956	-2.47887	-6.11412	98.9245	-34.4613	0.320807	34.6868	-17.5211	-3.18116	11.6528	5.59876	4.75688	-23.9375	29.1234	-32.8049	4.95485	-1.28728	15.8543	-10.6568	-16.3165	-7.34171	-12.224	-6.55545	9.46732	38.6577	3.77363	54.1854	
Iter 43: 55.4393	12.685	76.7108	-16.1112	-2.32921	28.3499	-0.452458	-34.3736	-0.389286	-6.54347	-53.0935	-0.286147	12.2597	5.70842	-12.5516	-6.52548	29.2409	4.47605	4.76718	-1.35214	-19.7084	-11.3901	33.7537	8.43312	6.06292	-22.5855	8.44586	-5.80401	-11.6473	3.83104	
Iter 44: 6.96991	18.6504	23.7306	-3.62757	-2.10172	25.7812	1.03668	31.6966	-18.9903	-27.182	11.9899	-1.59167	11.754	36.818	36.4921	-8.22273	22.0207	6.23474	1.28601	18.1886	-6.95314	-3.34815	33.5865	-8.49605	4.46966	-5.80114	25.5531	-6.69387	1.11742	5.14178	
Iter 45: 33.609	12.8298	27.2979	-17.2002	-2.34659	7.90396	-15.8834	22.1805	0.423357	19.339	10.0064	-3.51187	-38.4217	-30.6787	36.5716	-8.12658	29.7364	-16.5387	5.16958	-18.3548	15.5757	-27.0552	-16.7127	-7.25529	3.08371	-6.30678	25.5947	16.8457	3.11308	4.18652	
Iter 46: 34.6126	-38.4679	-20.6234	-4.1721	20.3628	-14.1595	-13.1052	3.02063	-13.6579	-5.50407	-34.2819	-20.9646	-31.5566	-12.7735	4.60947	-3.91995	9.73282	-19.0328	19.7522	28.7194	29.5096	-23.223	34.1944	-5.96274	5.62898	-22.4297	27.1503	17.4363	9.23331	-10.5233	
Iter 47: 6.91328	13.7471	47.6799	-0.841091	-51.5212	-24.3407	21.7783	4.72267	-2.0745	-13.97	16.6108	-4.2144	13.109	-13.9847	37.3178	-6.74496	29.5047	-16.3418	4.91763	17.6915	16.142	-11.7179	-15.7858	-6.75685	23.4259	-6.64964	-25.3996	0.721417	-11.6341	26.5039	
Iter 48: 6.47197	13.1425	-0.487437	0.163681	-2.22655	43.8974	0.41291	4.82145	0.564861	19.1674	10.9048	-2.91946	11.3694	6.49797	4.30749	-7.28626	7.42542	-16.3573	20.4892	30.4574	15.2357	25.1838	-14.8519	-6.90044	3.13226	-21.752	12.6123	38.9835	3.81642	4.12104	
Iter 49: 5.96707	12.7666	12.2843	-16.3019	47.5328	7.00107	0.193244	-14.8379	-15.6534	57.0463	2.02261	-2.98492	11.1668	5.7608	-13.0822	-7.92351	-25.782	-33.3893	5.07157	30.9053	31.0415	-25.9665	-16.5094	29.7478	3.69121	-22.1685	25.2768	38.8994	24.7033	4.44316	
Iter 50: 6.67328	12.9373	-22.888	-1.13762	-2.28354	7.42327	50.2416	4.92654	49.6038	-2.44543	10.1478	32.2128	-16.4444	19.5015	-13.2169	-8.08606	29.6805	-16.6738	20.7284	11.7692	15.401	11.0217	-15.6047	-7.73452	51.3338	-6.2013	9.23599	-15.6517	-11.4037	-11.1629	
Iter 51: 56.6285	63.3722	-23.2213	-1.09895	-2.5283	29.4638	-14.8707	22.3902	-0.00391986	35.1332	-39.1763	48.0348	11.3264	41.2866	59.4238	13.259	29.9344	32.8317	20.9401	-58.3602	-6.13836	-26.0309	56.2158	-43.2157	6.26891	43.3909	9.70904	38.6959	25.2234	-11.6373	
Iter 52: 7.80899	13.9327	-22.1601	0.128885	-4.15642	8.99358	34.7866	-14.8283	-15.196	19.2951	13.0478	16.968	-16.2102	-1.69382	4.8483	-8.78535	8.10834	-16.2558	3.61541	-2.31039	16.2905	-10.1859	6.54294	-8.47122	-13.3756	-5.71317	8.09863	1.17052	3.18254	-10.7625	
Iter 53: 22.5417	12.7426	-38.2162	21.5742	-2.50027	-40.8671	2.88287	4.55244	37.2834	-16.0332	10.3895	-3.48773	12.4222	-13.2051	-97.5033	-8.25253	29.9872	-16.6361	5.32966	52.5755	15.6016	10.2156	4.87247	8.25177	-10.4872	-6.50514	76.1797	17.6977	3.50165	5.8207	
Iter 54: -33.2217	-36.6896	-23.1454	-0.847784	-2.64339	29.6317	0.181363	4.93193	0.181253	19.3005	10.3037	-3.26961	10.632	-3.09982	-13.0378	-23.6319	30.3736	4.86602	4.8486	-19.2231	15.3068	26.1567	19.4466	8.55091	2.69393	-6.43541	9.37869	-15.095	-12.0052	4.15408	
Iter 55: 5.34682	14.0283	0.0468634	48.2103	-30.7894	28.5711	-15.1129	42.2533	0.0197161	19.1443	-54.8419	19.993	12.0519	-30.9458	14.9107	-7.69302	-15.1411	-16.8448	-16.3499	-1.2142	31.1332	-26.3438	-31.4389	58.342	-13.1043	-6.3991	9.97557	38.7417	4.1309	5.14672	
Iter 56: 6.66887	12.1587	-38.4335	5.476	-30.3294	26.2703	0.722991	52.9355	0.248776	-18.6101	-52.588	47.7677	-56.5926	40.9001	34.9512	-9.69632	-5.0358	-15.8354	5.78704	27.9568	31.0732	57.387	-15.1083	-24.0247	-58.4323	-22.5062	25.9024	24.9327	1.17506	10.3982	
Iter 57: 6.34393	11.9757	26.1436	-15.611	17.9501	27.6817	-16.0588	41.5772	0.715617	35.4227	32.6373	-18.2873	12.4869	18.2384	-12.8969	-8.61327	-4.99306	-17.3055	71.6728	-38.9228	33.8938	-24.2206	-16.616	28.6296	25.9602	76.3172	9.08044	-14.6137	-12.3772	3.66946	
Iter 58: 5.68841	13.391	-1.0437	-16.3483	47.3316	7.48463	21.5629	32.5844	21.4548	-52.9627	10.3603	31.9931	11.6338	5.47874	61.9229	13.6804	8.14661	-32.9606	-17.0482	52.4845	15.3796	38.9368	-16.4324	-7.70061	3.04592	-22.0789	9.54696	38.4927	-11.8221	4.61045	
Iter 59: 5.75849	13.1893	-1.26384	-0.52557	-30.3652	7.67142	0.21194	5.16084	0.246438	35.1393	-4.02742	31.9163	-16.8078	19.8354	5.0244	-7.87559	8.15692	-16.065	4.89111	17.6141	15.8492	-10.6152	5.47657	-7.55176	3.71751	-6.85333	9.28851	-29.3794	25.0779	40.2737	
Iter 60: -14.0206	-36.6779	-23.8107	-16.8254	-30.163	-6.18832	-15.7437	3.95829	-16.1054	18.8155	-78.4364	32.1935	62.8158	20.7127	-32.7515	11.7703	29.7053	-16.9488	20.5488	-1.03732	16.2078	60.2755	-16.3173	-31.3733	3.24965	-7.91845	25.531	2.12406	-11.2169	4.21777	

Best Xs Fitness
6782.56
3264.86
3378.17
3199.07
3875.25
3825.04
3897.83
6794.45
3684
6404.75
3628.78
2843.47
3595.12
4389
5251.44
2585.73
2921.56
2941.27
3055.37
6729.63
4231.51
3730.82
3595.34
3215.35
7134.86
4641.01
3916.89
3253.25
3949.14
3739.2
6950
4749.38
7007.12
3395.19
3926.82
3852.86
3596.96
5094.93
3330.55
3162.37
6967.06
3016.64
3825.76
5872.17
2653.8
5957.15
5121
3172.4
4036.99
3612.89
3017.1
4615.57
4118.35
3160.31
3684.13
6256.58
4380.52
3981.96
5029.65
4525.59
