13-Dec-2018-18_03_38
 - Ran 830.613214 sec, min 517956


Best Xs
Iter 01: 32.568	7.8601	22.4205	25.7919	-55.1409	13.8247	-65.2952	-12.0863	72.7934	4.80058	13.1543	-30.4557	0.850583	3.31339	-49.0669	21.7845	-25.4365	6.91452	5.65919	10.0946	-32.5648	-21.0543	-40.1068	4.44602	-17.3075	63.4272	-15.7248	13.183	45.8283	37.4226	
Iter 02: -0.659486	4.19299	19.2053	5.26697	-75.5193	9.93957	-33.9066	-22.9742	52.7144	12.3781	-6.68362	-29.8394	2.01168	19.8862	-13.608	28.7892	15.8629	44.3159	-13.5505	-19.7247	1.1864	-27.3441	17.5736	18.2606	20.5025	37.6133	22.0351	35.7528	46.0812	-24.4453	
Iter 03: 10.1055	17.9457	34.2747	13.244	-56.2021	28.9209	-44.3742	-3.55838	70.7226	-2.78049	-16.354	-0.570935	-24.1976	-35.7458	22.7126	16.5765	12.481	25.9676	-7.17024	12.7762	2.78246	-36.6748	-27.2774	-0.111099	10.7229	65.1853	-6.42545	-13.1994	48.3439	-15.3996	
Iter 04: 19.4167	25.0293	24.6052	-30.2345	-59.5864	-23.3206	-51.9075	25.1914	39.7539	12.5895	-23.7569	-57.4706	-7.63372	35.9808	23.1175	45.2889	15.8715	26.1803	-18.1331	6.95979	1.55144	18.8052	21.6268	-25.0898	-18.0211	55.1299	-8.93962	3.17364	26.6301	-12.8522	
Iter 05: 12.0402	5.10916	13.7769	21.9837	-67.0476	-0.753546	-45.4993	-22.972	72.9105	-17.8416	-8.03562	-14.8926	23.9939	-10.1397	19.2373	14.3337	-8.54134	17.1742	-10.398	-6.92556	4.41703	31.5964	-11.0963	-30.8853	36.7729	46.5633	3.54654	-3.67568	61.7119	-7.79333	
Iter 06: 9.86927	-2.86629	24.2144	3.67261	-65.8341	28.1592	-42.7154	-14.014	56.1443	14.7963	12.7138	-56.766	23.9981	-4.30637	-33.1898	42.5694	0.622132	13.6665	-31.0347	1.24036	8.7045	-8.46389	17.172	18.227	-7.18493	31.1688	-13.3472	-5.4452	52.3225	-10.8255	
Iter 07: 7.36963	3.9817	34.3844	11.1147	-71.6887	9.01146	-45.8143	3.13305	64.8908	12.0124	34.6601	-50.9752	-36.3355	-4.68438	-12.036	36.1249	-9.75382	25.3474	-21.2082	2.268	-6.07306	22.216	-29.5889	2.66912	-15.1676	39.9596	16.9382	16.0375	30.1999	38.171	
Iter 08: 0.00271944	8.08546	20.387	-8.83876	-47.8115	-8.53186	-43.4915	9.47538	70.2281	-10.1951	28.6963	1.58572	4.52685	5.45091	14.9225	17.9176	18.5577	37.6838	-3.37291	28.5511	3.44954	-9.57875	-25.2715	15.0889	-18.4266	57.1307	2.48003	-8.42118	51.4449	-27.3529	
Iter 09: -23.3417	-8.82286	19.9539	38.075	-64.7412	14.3558	-46.0985	11.8969	50.1103	11.6035	3.21502	-39.4096	3.35638	-16.0594	28.971	34.151	9.36173	48.6416	34.2566	30.3629	-14.7652	-6.14962	1.0237	-24.2592	46.9994	49.3636	-5.26249	12.4296	36.1285	1.65045	
Iter 10: 2.52342	12.1413	26.5869	6.47903	-54.0036	-7.31329	-43.1237	-6.24606	69.7935	30.1798	15.0064	-16.9292	1.03022	3.48517	-13.7643	26.1426	15.2313	33.7947	4.54903	24.8252	19.7741	-16.5497	-32.299	7.2884	10.9468	51.9853	-36.4261	-14.4878	36.3047	-6.68977	
Iter 11: -50.0965	28.7904	33.2617	-13.3027	-73.0521	-1.37119	-23.0925	11.1386	94.4321	12.7573	33.4593	-23.5553	7.46604	-15.1284	7.91627	24.6989	-2.60333	9.52481	-19.8558	6.72107	14.7414	26.537	-43.9034	3.91227	34.1716	8.66939	39.2741	10.9603	59.0083	1.01135	
Iter 12: -39.2572	-17.1004	32.2215	9.88736	-49.4108	31.5043	-53.2303	-27.3473	62.7397	-7.44591	-11.0664	-40.9319	2.25665	14.4649	-6.02515	40.4978	0.550027	34.0178	-8.4313	-14.4015	13.3062	1.12071	-33.2723	32.6599	-21.3888	51.3216	12.7728	9.52074	35.453	23.9436	
Iter 13: 5.52638	-13.1965	36.5194	0.815463	-85.2323	-20.4074	-25.932	-10.7203	53.9131	-16.1793	-36.7731	-50.8572	16.7249	-0.99898	-3.82037	39.0798	8.91795	32.8604	26.6257	-9.09391	-37.2461	14.8297	18.1707	-37.2305	0.840494	21.0763	-20.3775	0.282111	47.7846	-8.94951	
Iter 14: -4.01714	-4.47793	13.7579	-14.1008	-23.787	6.75766	-62.0592	-6.70127	69.3361	26.0379	14.1444	-42.4296	-14.5066	-9.88446	-24.9461	43.7733	-0.217715	-11.8007	-32.8722	-39.7072	-12.7842	-1.2969	-7.69521	-0.779888	5.85656	44.8576	-2.54736	-3.85288	64.8621	-27.2602	
Iter 15: 13.3362	-0.912248	31.1588	5.20359	-53.6269	-1.64422	-39.8454	8.75473	79.82	-30.2614	46.0772	-8.67086	9.10441	-1.32111	-8.21288	20.9505	3.66328	19.9348	11.3292	-9.28703	44.9732	-27.2245	-32.9051	6.96799	11.3725	43.8662	24.8288	3.1913	62.2996	-11.0575	
Iter 16: -20.6967	35.1967	18.0004	26.8006	-45.759	6.42187	-49.1576	-19.4107	83.5807	21.3695	-4.51611	-9.91793	35.9662	-0.334485	48.7549	18.7312	-4.10588	12.1703	6.25838	3.1202	-26.7652	-14.0856	-37.0467	-12.9699	-20.8005	49.6578	-19.0508	-24.8653	63.6758	-7.68702	
Iter 17: -20.2633	12.4808	17.8415	-2.71716	-75.3689	-24.3703	-39.9247	5.94203	49.5881	15.2288	-13.8575	-31.9061	22.6714	21.3683	6.07631	25.4006	2.20007	44.1734	-3.49775	6.95737	-12.2186	-29.8572	21.8975	16.4762	30.0662	42.4967	-20.0474	-34.4319	56.9562	-12.3691	
Iter 18: -0.326621	-18.0834	32.2614	0.79818	-67.4926	-2.73563	-39.3463	-13.4432	54.1452	3.20805	2.71993	-29.4746	25.4276	-13.0676	4.02467	33.3606	21.2532	51.9379	-26.3657	41.089	-21.2391	13.9047	-10.1648	12.3005	22.2157	52.5145	-6.57424	42.5259	27.9311	-2.41491	
Iter 19: 7.22919	0.459292	35.4026	-31.1774	-58.5487	-13.3459	-41.5407	-0.473216	60.7947	-17.5281	33.2136	-41.966	-9.76547	24.4574	-39.3867	39.3675	7.96906	15.3496	7.02646	-18.2854	28.406	20.3541	1.30411	9.65039	-6.54363	39.3716	-9.04637	-2.52444	52.9099	-14.78	
Iter 20: 28.546	-6.41232	62.158	-17.387	-67.6728	35.9364	-23.5591	22.5348	74.8727	-0.1868	3.79402	-34.8305	-24.9804	2.43724	10.0074	42.5489	20.4908	25.6462	-23.0956	6.77156	16.0654	-4.18569	-40.8057	23.4945	1.76026	27.471	-2.61103	-25.9739	33.01	5.34058	
Iter 21: -25.5497	44.1644	21.7631	11.3424	-73.8324	-5.95557	-39.0638	19.0024	63.7755	-26.3328	-1.46523	-7.00263	2.03248	-19.1275	-10.6848	15.3591	12.7064	59.6142	-19.3439	0.298161	-1.75376	-11.1518	-27.9041	3.74192	15.313	57.9077	-18.6295	2.65503	28.7845	6.31663	
Iter 22: 52.3934	7.19345	18.1376	10.4127	-23.1993	-43.0562	-64.4386	28.3056	59.2695	67.0629	36.8658	7.5925	48.4962	-16.9782	-11.7504	17.9859	19.963	25.7253	65.056	-10.7345	-17.7286	28.9156	-4.98178	-29.9736	-39.4828	92.2622	-29.2349	-24.1968	65.4636	-48.4498	
Iter 23: -25.0599	5.20549	29.7793	1.34501	-64.3228	-12.9572	-33.3999	11.3401	69.4452	12.4728	-2.46501	-22.4559	3.07532	6.40932	-10.1285	27.9019	13.1819	18.172	28.0939	-4.8388	14.2247	12.2621	-3.11948	-24.4786	-11.9639	34.6913	8.52179	-11.3094	57.4528	-29.8397	
Iter 24: 13.8366	32.0798	24.2712	-9.28049	-53.0416	-7.96011	-50.6888	1.67074	59.6628	-19.6349	3.92856	-3.722	16.2448	-16.3393	-13.9676	17.8194	15.2109	40.1101	-3.21476	-1.47607	-9.7578	5.38639	-20.4789	34.5517	-6.37714	71.9259	14.0829	-24.2269	38.1662	-12.7201	
Iter 25: -8.8268	16.1339	41.2437	-4.86584	-63.5652	22.6787	-38.1394	17.0658	65.3308	23.9656	3.4291	-38.2001	15.737	29.8105	1.74469	39.2416	12.8277	35.542	-18.2641	11.9176	19.9156	19.038	-34.3638	-8.0654	-9.72211	39.6217	19.9699	22.3661	25.6797	15.2773	
Iter 26: -14.5083	19.9348	23.0329	-6.19161	-13.1827	9.72907	-59.9464	-6.1478	50.8264	9.42376	-23.3643	-37.802	-18.998	29.5351	-9.44288	55.3644	37.6175	25.2648	3.63249	-22.5279	20.4636	9.64971	4.03553	14.4762	6.20357	65.1845	-20.4046	-18.2356	44.3985	-49.8483	
Iter 27: 2.99901	2.60703	49.8614	27.2126	-54.2613	0.802744	-28.6314	-18.734	68.4929	19.2233	-7.06546	-21.649	-23.5094	23.1643	-10.1081	39.87	37.3829	29.2391	-18.068	19.8479	26.8906	-15.7718	-23.9085	12.409	33.3434	42.5767	21.1765	-20.7316	34.717	-30.2142	
Iter 28: 1.60951	-45.5595	30.529	-4.79858	-68.4056	6.41973	-29.7947	18.1841	64.2928	-16.5347	18.1919	-19.6901	11.3999	-16.9684	1.36648	27.0455	15.2493	39.0452	12.3049	-13.8501	-8.91903	27.1189	-6.52991	-10.089	-30.764	32.3782	-13.4482	18.1996	52.8097	-20.2011	
Iter 29: -34.5304	-10.3231	29.1975	3.61014	-53.9988	14.2686	-43.3266	-7.24551	60.0435	19.9771	9.93122	-14.2802	-9.76043	9.97266	-24.3295	27.5703	19.6607	43.8431	25.1804	-11.7788	1.2652	-0.921609	-17.9402	-10.587	10.8575	57.1595	-10.2305	25.0148	39.8627	-14.2433	
Iter 30: -5.65354	-24.3293	40.4354	-11.9354	-45.8922	-6.53279	-50.8421	16.6249	69.9214	5.83281	-0.0953062	-40.7728	6.30539	8.2627	1.33025	41.5123	9.46338	-6.06226	33.8024	-1.61347	-21.1729	-22.5262	-21.1394	-13.6024	-16.3485	52.6816	2.54843	3.28797	41.3097	-10.3052	
Iter 31: -31.2866	2.04728	19.7091	-30.4718	-61.4308	16.8434	-45.875	1.72453	56.6757	-11.4108	7.62712	-15.4267	-1.77053	8.35086	-4.70062	19.3474	5.45259	30.4827	8.18639	-6.47706	-20.873	5.87664	11.3386	-8.7322	-26.7637	55.7464	26.3608	1.84436	62.9913	-26.3872	
Iter 32: -16.9899	11.5609	40.2182	-36.1191	-63.0398	9.42277	-40.4194	-1.61603	75.4068	20.9281	-14.2704	3.43753	-1.12957	-21.3722	-29.4422	12.8675	21.6089	9.64592	-11.9574	-11.5664	-1.51782	10.5345	-26.4187	-42.8276	-6.86305	71.0166	-15.8306	24.4464	38.1286	-29.405	
Iter 33: -13.7394	-19.2174	21.1307	3.58796	-65.6154	-4.72882	-49.2699	-1.99268	68.7272	-20.7906	-5.0763	-37.3733	-4.10612	11.4429	-7.55956	28.4286	-6.69157	25.7826	6.43991	-6.95336	-15.5449	-17.5064	-28.6962	2.90507	-2.81438	46.9185	10.6005	0.355473	34.8113	22.4842	
Iter 34: -4.08607	-10.4265	30.3027	2.27749	-75.1854	-27.1024	-25.4879	5.65244	61.8934	-6.51012	-22.7435	-27.8878	11.1673	-3.3177	-29.9979	29.9768	15.7146	26.8747	26.8585	11.3322	-10.5432	-4.76329	22.245	7.41525	0.399114	26.682	-15.2518	4.88001	66.4675	-40.3967	
Iter 35: 2.43877	13.9235	26.4235	7.74505	-64.4036	2.13767	-37.8779	0.444122	73.7796	11.5968	13.1274	-20.5639	7.78646	-0.557305	1.85911	25.8666	7.77634	37.4694	-27.1909	18.7948	23.0732	-20.117	-38.6941	23.0893	-13.6048	40.45	32.7743	-4.51924	35.1884	8.33572	
Iter 36: -1.01249	4.13156	17.3433	-5.80019	-51.3323	4.48134	-58.4541	7.83329	36.7045	-12.3158	0.350476	-38.0204	-0.663181	22.0952	-4.52124	38.3304	16.7186	60.4338	-27.0539	6.13716	15.1304	-0.224223	4.69095	-33.5296	16.0995	70.6817	-57.5172	-9.99775	24.3296	1.34248	
Iter 37: -8.7866	-1.93454	6.76413	9.92092	-36.0965	13.9121	-56.5215	-3.21382	46.4972	-11.0892	-11.1556	-9.65891	-1.5791	-1.63114	-33.2743	28.9362	30.6812	70.0927	-8.89507	-7.0891	2.48188	4.53073	-7.42007	-16.2926	-27.5271	74.917	21.3339	51.6538	34.0145	-25.4197	
Iter 38: -11.5846	-52.9891	11.2523	13.2675	-56.4442	-12.0825	-59.4045	7.25681	71.9131	-9.85775	30.8209	-24.4443	-14.8728	-39.5016	35.1552	20.3291	-17.7891	25.4252	-10.1724	-9.71209	-30.6693	-17.046	-38.2255	15.3881	40.9847	55.7428	-19.7356	33.8331	43.2306	28.7472	
Iter 39: 3.5397	2.09626	17.9758	-10.8007	-73.078	15.3985	-39.8429	-14.0464	66.2452	-4.92327	-10.223	-6.9748	-2.37544	17.2713	13.3103	13.4835	6.26419	43.796	-27.7001	-2.27765	1.05356	-24.3738	-19.7545	1.00483	14.5458	51.6927	-37.1035	-34.3381	39.95	-2.87146	
Iter 40: 20.6329	43.6386	13.1089	-13.7693	-48.903	-7.38218	-51.4599	6.80161	57.0688	4.59441	-21.6596	-25.7759	3.97814	-26.1947	10.0023	29.4464	5.29917	47.2486	-13.8856	13.8438	-0.279729	21.7572	-11.4417	-22.8193	-3.60174	51.1399	0.62605	9.65081	49.9956	-3.37975	
Iter 41: -10.267	-6.13831	23.6226	-9.19894	-35.6753	22.3622	-59.1463	11.7795	49.2631	8.83344	7.19331	-37.121	-0.611374	3.30003	-36.0866	43.1079	16.88	25.7002	-12.6694	3.24455	-10.7464	-32.6429	1.88879	-28.2156	-12.34	64.6574	-22.4057	-20.1237	42.2314	-20.8153	
Iter 42: -27.0953	8.91686	27.6096	-11.0833	-53.2981	-19.3527	-52.7136	1.90438	64.8452	-19.7034	26.169	-28.8217	0.42984	4.75941	4.75106	28.9911	2.04184	15.8035	7.48171	11.1853	-8.24148	31.7943	-15.2127	7.68472	-23.5445	60.8228	-36.3938	-3.81411	46.2466	-2.65295	
Iter 43: 21.7488	12.5262	10.5926	-0.70948	-47.0922	31.7203	-49.3857	-1.30754	78.0015	-20.9125	-36.48	-20.1858	7.69014	46.5399	-10.633	22.5603	-11.9077	23.2939	-12.5929	27.5538	-4.5298	9.74703	-31.3898	15.5772	-5.12934	37.6991	12.0008	-0.194817	67.7477	3.01947	
Iter 44: 2.88375	13.1829	46.1049	-32.3478	-52.4222	-4.13065	-47.8233	0.458594	48.0435	5.02969	-38.2176	-52.6076	7.34378	12.2309	0.794599	51.0923	24.7223	21.2489	17.6161	-25.397	-20.3541	16.2985	4.13329	-21.3125	7.86432	58.5779	7.52848	-12.1273	27.9717	-13.8038	
Iter 45: -6.22882	-15.842	15.1132	-6.13169	-38.629	13.6202	-59.3702	18.5044	63.0535	-11.4839	-0.56711	-27.9975	2.38979	2.15483	19.317	29.4472	-4.07171	8.73627	-12.4583	-3.09461	9.74056	1.98881	-1.90388	9.84086	-1.2291	55.2676	0.523274	-20.6307	68.0468	-19.387	
Iter 46: 4.05934	5.86132	8.5567	23.2282	-49.2073	26.5025	-62.4366	-18.6777	63.9962	29.0737	-2.96211	-15.0285	0.742277	-18.4848	8.23532	17.8956	-6.32146	39.0901	-20.0331	6.27439	39.0625	0.897464	-35.1672	24.5888	-8.61314	68.7565	-21.1588	-21.6749	37.5756	18.4983	
Iter 47: -1.62982	-28.2749	13.5935	29.6657	-106.264	19.6497	-35.791	-2.93245	63.1826	-7.13011	0.860789	-12.0283	-23.404	18.5435	10.0202	-6.31464	-24.173	-0.331432	-32.8666	-3.29259	-1.72587	19.9367	43.7633	11.148	-1.12722	46.3795	27.1392	19.523	83.3434	-26.7642	
Iter 48: 21.9727	19.4668	24.1376	18.4329	-48.1969	29.8255	-39.1123	-16.0784	67.7293	-13.9455	10.2669	-37.6607	19.7785	0.842451	-9.65446	42.2525	21.8881	19.0545	32.0411	18.3138	21.5846	-7.80195	-17.3741	13.6239	9.82014	33.1935	-8.34324	11.8522	36.1186	-23.5574	
Iter 49: 29.5869	27.4152	41.2288	7.9428	-88.7494	2.95279	-30.4815	-0.529845	60.2787	-17.7744	1.98535	-24.5212	-45.0743	6.72635	11.7295	20.8709	6.28262	30.8802	-2.26271	-19.371	-28.2587	-10.0342	-1.33531	-5.07461	13.4641	44.3622	17.1312	-1.81481	42.2272	-1.74462	
Iter 50: 39.4113	-59.7471	48.8221	-19.0301	-75.191	11.5412	-24.5305	8.69902	78.006	-23.818	-18.4594	-13.5442	14.1493	-33.76	10.3817	26.4914	14.3342	42.184	-47.5194	-21.6766	-7.21219	12.1434	-53.001	-30.825	-12.7924	31.6642	-23.0236	-5.04919	30.9629	15.5022	
Iter 51: 22.7416	0.516942	24.2294	-17.6612	-94.5466	-23.9336	-30.8121	-9.07267	54.5477	50.5957	-54.0494	-21.1836	-9.05355	-28.3834	16.4339	17.943	9.87295	65.5116	-23.8221	-21.3532	35.407	-24.3597	-8.6551	22.3564	-12.1871	46.0699	33.8883	-26.4878	23.6825	13.8676	
Iter 52: 30.548	27.9057	23.3531	24.9929	-58.5276	-41.352	-34.3018	33.628	67.1499	-11.4334	39.9832	-6.55147	12.1813	19.2085	21.4949	23.5601	23.6464	59.3116	-34.3617	15.9004	-12.5753	5.00225	-30.1492	3.1641	-12.5154	45.751	3.0484	-4.14184	38.5508	-12.3257	
Iter 53: -2.93722	-42.6742	18.9487	12.5053	-38.494	16.8358	-53.4316	26.9293	77.2751	27.3489	-20.852	-36.4679	17.9691	12.0832	12.8078	37.2945	-0.299328	-7.69502	-18.1814	-34.1471	8.65877	-10.7858	-26.6753	-24.4319	-8.08576	40.3336	-2.41735	-1.54869	50.8065	-12.3688	
Iter 54: -19.1287	-30.7389	14.3682	-21.0724	-56.8468	11.7618	-40.9393	1.17691	69.9749	-17.0778	24.8582	-0.797788	-15.3046	-49.0346	-10.8602	17.5177	18.3909	46.852	-20.002	-42.1278	14.9673	-58.0089	-21.8161	-3.17849	-3.7426	54.1538	-26.1301	-0.870703	46.3519	-22.9479	
Iter 55: -5.21103	24.9938	24.3749	7.3568	-59.7038	24.8026	-35.6185	21.2953	65.5438	21.7137	-30.9172	-21.7775	-30.9524	-0.890015	1.75125	31.5849	14.8214	51.9119	2.94161	0.333768	-36.7486	21.286	-23.5088	12.3951	2.96267	36.5391	21.4249	3.01393	43.0251	-3.58575	
Iter 56: 13.7868	29.9473	32.6234	10.5493	-69.8515	-23.4326	-36.2661	-6.34431	66.4727	-28.5768	-35.1514	-26.2029	13.2517	-25.5848	8.94142	25.3475	-0.801039	25.6006	18.7864	-14.0037	-18.9574	20.0758	-7.71821	-3.09224	-11.4271	36.2801	13.8122	-13.8832	60.184	-4.57248	
Iter 57: -6.92045	24.5441	30.1088	2.26999	-48.3922	38.9485	-49.394	-6.8665	50.3304	-13.6563	-3.86616	-42.7128	5.45704	4.94643	7.70051	42.4579	13.7945	38.7207	-9.19493	21.7325	9.2887	43.3489	1.08816	-3.86708	16.5049	52.3543	-4.02847	-9.15279	45.9858	-8.6138	
Iter 58: -1.94883	5.54555	14.437	-19.3788	-59.5568	35.2281	-53.0152	23.5727	33.8152	8.0471	-2.51297	-38.4249	-24.3314	18.1189	8.8091	37.2149	20.0796	56.8249	-2.30927	17.3902	22.4362	3.26188	24.117	23.5853	-15.9016	64.2241	37.492	16.0291	29.4639	-15.3044	
Iter 59: 21.2286	-15.4842	20.9472	21.447	-5.04249	14.976	-81.8096	8.13041	37.3761	-38.0625	-5.29074	-15.8155	16.0723	2.37483	-30.4929	40.955	38.1873	52.919	38.1031	21.7918	-18.8471	-6.65125	-20.0056	-6.30988	-7.13889	115.687	27.5745	-31.4757	15.5619	-20.3154	
Iter 60: 20.1226	-11.1774	21.021	-5.37781	-56.5491	-23.1293	-49.1052	-6.19875	79.4183	-6.85002	-6.129	-34.6831	-3.86802	16.4582	1.44706	27.2433	-15.7295	4.72189	-6.44907	24.8465	6.10263	-19.4531	-31.484	7.99048	19.3174	36.8262	-14.4799	40.2205	57.1835	13.5431	

Best Xs Fitness
922739
1.85747e+06
517956
2.59473e+06
1.18149e+06
2.05441e+06
1.49996e+06
1.35851e+06
1.86718e+06
1.61757e+06
2.19709e+06
1.83465e+06
1.78502e+06
2.61733e+06
1.16003e+06
1.38098e+06
1.28919e+06
1.60524e+06
1.49738e+06
1.73032e+06
1.15137e+06
572710
1.44092e+06
899925
1.78952e+06
3.2319e+06
1.76628e+06
1.60698e+06
1.3252e+06
1.36243e+06
844563
764494
1.65548e+06
1.4505e+06
1.7189e+06
2.02443e+06
2.34293e+06
1.47379e+06
1.20417e+06
1.97642e+06
1.91019e+06
989182
2.18366e+06
1.84803e+06
1.38421e+06
1.32963e+06
756091
3.36258e+06
598267
1.45336e+06
1.22957e+06
1.95534e+06
2.59472e+06
1.70733e+06
2.24255e+06
1.14036e+06
1.98873e+06
2.16688e+06
1.99537e+06
1.64587e+06
