13-Dec-2018-18_03_38
 - Ran 885.842245 sec, min 2619.78


Best Xs
Iter 01: -14.133	-32.1684	12.9652	-19.0918	69.6142	51.4358	-8.78263	8.59131	-0.837889	-20.6407	24.0661	-108.2	60.6051	-4.43795	-13.4672	-57.2365	33.0438	-2.27992	-16.2222	-7.41387	-0.165257	8.28787	51.1898	12.0377	8.28393	32.6204	3.71989	-3.203	-71.8831	23.0531	
Iter 02: -22.498	-55.3391	19.5424	-16.7962	57.4996	41.0406	-0.373053	-0.737036	-4.47613	-5.58941	-4.10889	-92.9074	57.007	-6.48807	-23.5295	-64.9485	44.6879	9.00568	-11.2248	-1.19893	-2.00481	8.7049	48.495	11.4729	10.6743	34.5194	3.07457	-3.56378	-71.1189	22.6878	
Iter 03: -37.9193	-55.921	-2.9458	-19.5075	66.2699	60.5938	-1.99081	3.63333	-27.953	-9.84515	11.2486	-98.2597	33.5872	-24.3671	-35.1294	-47.5035	53.4136	13.4065	-30.2289	-0.284722	-2.45988	6.1055	52.0313	10.9851	10.2046	35.2912	3.80652	-4.12573	-71.3987	22.642	
Iter 04: -28.5637	-16.0742	-12.0323	-17.8464	58.2657	75.5582	10.2066	-2.31714	-10.0153	0.0885273	22.9102	-106.315	28.9049	-13.0126	-21.1828	-48.4377	41.9608	23.3119	4.54955	4.58543	2.11585	8.02589	50.8811	10.2274	7.2575	33.5892	3.06658	-3.94112	-71.4022	23.1118	
Iter 05: -26.3461	-20.5864	40.9718	-30.2896	41.3951	61.8453	2.72615	6.10778	-12.5864	-1.40318	-5.05677	-93.5067	56.1734	-21.0403	-34.912	-64.0485	43.8684	3.03674	-19.659	-12.9979	1.3497	7.86005	51.0145	11.0856	10.4081	34.1863	2.97194	-3.56976	-71.7636	22.9937	
Iter 06: -43.9808	-47.1699	8.06414	-9.02238	92.0352	59.203	10.2618	27.3262	-3.73246	-9.38527	31.5572	-97.8126	49.4252	-39.5461	-37.7356	-47.2487	43.9313	4.71168	-24.3657	1.46747	-2.40603	5.87681	51.9667	10.6601	8.9582	34.1164	3.15818	-4.01961	-71.1514	22.8	
Iter 07: -22.8447	-34.7327	-3.04387	-2.76688	85.6823	61.512	5.00596	3.0645	-13.5128	5.08447	12.4174	-102.922	30.3633	-6.07943	-13.1032	-51.2275	48.2038	11.1562	-21.0075	2.02071	-4.09665	4.51175	49.4413	9.89376	10.0382	34.877	3.40039	-4.01156	-71.3122	22.5364	
Iter 08: -43.205	-34.1873	8.92241	-26.3275	74.8971	59.9692	2.96377	-0.0826616	-36.8868	-26.9937	-7.79808	-99.3149	57.3539	-46.5221	-32.5989	-45.1043	48.9843	-0.754868	-13.6532	-7.32975	2.07085	8.588	51.165	8.5278	9.06607	35.7303	4.20731	-3.79742	-72.2064	22.5645	
Iter 09: -25.8714	-34.8934	-14.2988	-15.8485	80.6082	70.0211	44.9433	0.249883	-13.6226	-6.02452	0.487066	-106.588	30.2324	-43.7834	-27.7843	-52.4328	36.9502	3.57817	-12.9829	5.57397	0.200045	7.93017	52.4408	10.3244	11.1366	34.6653	3.1217	-3.63647	-71.4978	22.9569	
Iter 10: -23.1107	-45.7854	66.4022	-20.163	80.4008	58.6416	-11.2382	8.18782	15.5514	1.6403	18.4419	-93.453	25.3376	-0.571357	-27.9629	-66.8263	39.8625	19.5384	-24.3241	-2.57187	-0.924728	10.316	50.4311	9.65516	8.60765	34.8356	3.38133	-4.09359	-71.1909	23.4171	
Iter 11: -35.7442	-52.8517	3.46028	3.84152	84.5643	63.2937	16.6297	9.91228	-5.42574	-10.0915	-3.6462	-87.631	18.4754	-17.2988	-1.78894	-60.019	41.6373	10.025	-7.21508	14.8022	-10.1753	10.729	51.281	10.6638	10.4991	34.0973	3.50239	-4.27311	-71.2662	22.5482	
Iter 12: -16.0809	-52.6222	18.5329	-10.5801	74.653	72.0905	14.0019	7.34693	-8.00929	-10.629	29.0449	-103.77	42.2756	-17.8969	-31.8244	-57.6914	46.6124	8.30315	-27.7857	-8.79205	-8.35368	5.89874	50.2924	10.0711	8.82532	34.5628	2.42703	-3.27454	-71.1433	22.1709	
Iter 13: -17.8848	-22.8779	-14.3545	-14.8739	69.6726	68.655	-8.69771	0.524534	-9.74731	-17.5192	11.4277	-106.142	35.4051	3.37364	-11.492	-59.0117	22.4579	-2.83687	-11.092	10.7887	-0.582052	8.84536	49.832	9.67708	9.60673	34.7724	3.05024	-3.62697	-70.8831	22.7192	
Iter 14: -26.9521	-28.2087	-0.354003	-3.51114	81.0099	30.3098	-15.4305	-15.1264	-6.87547	-7.52766	16.773	-118.675	49.8383	5.4893	-31.3188	-40.2442	31.5368	21.4815	-5.99574	5.92135	-7.5178	9.86264	52.2121	9.74268	8.58675	35.6509	4.7294	-3.82543	-71.5886	23.1107	
Iter 15: -33.3416	-31.3987	-11.5308	-12.599	93.1605	34.5631	41.5852	4.61147	6.64123	1.02999	19.0186	-104.802	19.594	-6.91542	-19.3815	-43.2714	46.8688	18.3975	-5.49979	9.20112	2.50594	7.46782	48.2994	9.82395	11.2757	34.1453	4.89056	-2.79165	-70.6768	22.5719	
Iter 16: -41.1122	-23.5926	7.47034	-16.3625	97.5686	50.0151	14.3058	0.136193	-17.4434	6.15568	-0.669929	-94.0744	36.7744	-31.3658	-25.9164	-51.4628	43.8158	0.553055	-21.1019	11.3471	1.28658	9.86203	50.1881	11.2362	10.2212	34.555	3.91165	-4.09297	-71.4411	22.6874	
Iter 17: -20.1988	-31.4304	-2.23981	-22.4906	64.2393	57.6344	31.6179	3.61094	-12.0779	-15.2464	-6.23344	-100.567	48.0875	10.6951	-27.8625	-56.6009	47.5745	10.3871	-18.631	2.98706	0.109105	6.74187	48.6705	10.6218	9.90779	35.4126	3.70336	-3.72234	-71.7113	22.8824	
Iter 18: -42.1693	-37.3065	7.86558	-17.9061	72.9285	63.5273	2.23653	4.53145	-6.99501	-14.2699	6.8638	-97.7378	47.3143	0.063678	-20.7009	-48.9545	31.2559	6.21598	-16.6533	4.12323	0.62239	6.95362	47.9397	9.24015	10.5775	35.1722	3.78635	-4.38331	-71.0514	22.8144	
Iter 19: -9.87118	-31.0707	-2.08439	-24.1238	73.6339	64.5111	10.593	8.35653	-8.2421	-13.5207	31.582	-108.135	50.0564	-30.7337	-38.0363	-61.6017	39.9666	10.5427	-28.065	-3.59186	-1.44114	7.32937	52.2476	10.1012	9.82338	34.0375	3.4453	-3.69842	-71.3473	22.6993	
Iter 20: -27.1914	-61.5281	0.293439	3.97001	86.1008	48.1451	-27.5698	-10.3701	-19.5216	11.0011	39.7353	-98.0591	29.9619	-18.3495	-2.96507	-56.7511	37.068	-4.01834	-11.3856	5.00221	0.0828226	7.85328	48.4995	11.2539	10.7186	34.2866	3.17428	-3.42499	-70.8615	23.1045	
Iter 21: -23.2771	-48.2132	16.1592	-20.4163	50.2504	77.167	13.2545	-3.96379	-8.61911	-14.4368	3.63963	-116.356	46.3503	-22.2699	-21.3974	-43.4584	36.9985	14.4658	-11.8661	-1.89834	0.370499	4.88347	51.3154	9.76856	8.6583	34.6804	4.40922	-3.48051	-71.3253	23.4206	
Iter 22: -17.9557	-39.0636	37.1802	-16.2399	52.4034	72.5068	25.5536	23.7784	-6.988	-14.646	32.3196	-96.6465	34.8224	12.4084	-19.9006	-64.6103	45.0188	8.52405	-12.6809	0.454084	-3.42891	8.38893	52.4724	11.6037	9.87172	33.7053	4.02491	-3.14715	-71.4481	23.1257	
Iter 23: -35.2489	-17.2867	9.49814	-11.4686	70.3959	62.9308	-17.9602	-14.9429	-10.1406	-1.48205	16.197	-86.2913	28.5211	-10.1388	-19.581	-62.8392	45.8225	23.3925	-12.7797	7.7016	-0.569103	8.07864	49.5457	8.38511	8.84387	34.2576	3.81845	-3.1083	-70.3241	22.5403	
Iter 24: -38.2552	-39.8649	3.40738	-14.3132	81.0734	53.5353	3.53177	-1.94074	-8.75155	-0.434051	8.78883	-102.925	29.7726	-19.72	-24.2177	-45.6302	46.3002	4.27144	-14.9979	6.30265	1.77671	9.43549	53.692	11.3446	9.98279	33.9024	3.03943	-3.64987	-72.134	23.2002	
Iter 25: -28.0554	-54.1344	20.0616	-17.6868	60.7259	67.6456	32.2737	-5.15789	-7.41839	-1.67021	2.8348	-107.475	68.8978	-22.649	-9.41998	-45.7724	51.2286	34.3876	-16.7314	-3.5393	-1.2661	7.02625	54.214	10.9055	9.40204	34.6657	3.92904	-3.34181	-71.3497	23.0381	
Iter 26: -32.3343	-36.8253	3.56291	-25.3493	87.8046	62.3604	18.4739	13.94	-6.05698	2.62443	-0.904312	-98.0991	41.0335	8.8416	-27.1467	-58.0245	32.856	3.88853	-16.2249	3.2869	6.0206	6.972	51.3377	10.357	10.4916	33.3228	4.10556	-4.1497	-71.8328	22.5723	
Iter 27: -26.6352	-48.0005	14.8881	-10.796	77.514	49.7231	2.36361	2.75442	-8.87119	-11.7858	20.2577	-102.288	12.7928	-7.78492	-23.9097	-54.203	38.0153	4.57306	-3.83907	9.43561	-0.0501557	8.92101	48.9445	9.80558	11.1636	34.2332	2.8267	-4.10521	-71.1907	22.8629	
Iter 28: -26.1978	-65.2557	43.8334	-8.96351	76.2713	32.6989	7.08735	13.0842	-9.34058	-17.6208	24.8875	-103.68	57.5867	18.0505	-36.4319	-57.62	30.815	13.7999	-19.0359	-0.138522	-6.33436	6.6645	53.0879	11.3813	9.52548	33.5387	3.14665	-3.76044	-71.4513	22.8596	
Iter 29: -15.5743	-30.062	16.3881	-9.40224	49.3017	71.7074	3.82324	8.03335	-23.7873	4.15124	-5.60098	-111.103	41.7554	-16.8433	-39.659	-54.2529	44.8384	16.1788	-18.3711	-8.91673	-4.64253	8.89082	53.0622	10.9482	9.02797	33.7322	3.49631	-3.0835	-71.2563	22.9684	
Iter 30: -31.3055	-39.4491	19.0128	-18.6348	53.0318	70.0251	-6.11811	12.7918	-10.9006	-9.27159	1.75914	-97.8618	59.6718	-28.3172	-29.3687	-55.5497	42.5386	19.0265	-21.1493	-6.72363	-1.87397	5.0337	51.3851	11.5403	9.68185	34.3524	3.88377	-3.23237	-71.1399	22.6977	
Iter 31: -25.3218	-33.4749	14.5399	-5.79571	94.2236	44.911	7.34644	0.207879	-2.58941	6.55192	26.1165	-112.541	46.2814	-10.3022	-14.3116	-47.073	37.1005	7.3738	-29.4797	3.06047	-3.43231	7.62973	55.5951	11.4662	10.1912	33.3906	3.33532	-3.52607	-71.5561	22.9588	
Iter 32: -23.7829	-20.3232	14.017	-26.4622	78.1465	72.5196	10.9241	-1.29778	-22.7514	-0.750444	6.11283	-103.713	31.2279	8.40063	-33.9444	-56.6906	36.3271	3.84268	-17.0227	1.3751	3.26668	8.08941	50.9735	9.91655	10.8589	34.7782	3.38555	-3.53008	-71.3689	22.8732	
Iter 33: -29.0725	-25.2696	-1.48499	-14.4018	63.1417	73.1535	23.9448	-12.0389	-19.2221	-5.97005	32.9892	-93.4477	41.5805	-10.0032	-17.5244	-62.4265	32.6578	25.4896	-24.6951	10.5355	2.8075	7.4576	48.3466	10.3307	8.94177	33.5918	3.82875	-3.29925	-71.4452	22.335	
Iter 34: -35.1209	-32.6511	-0.645028	-9.71962	74.9108	33.8243	-16.5314	-3.38627	-2.87965	-3.14403	26.9659	-110.15	20.8007	-8.6736	-22.3531	-41.2936	37.9168	15.6189	-2.29043	11.2798	1.70722	12.2919	48.6994	9.04997	12.4071	34.4457	2.95512	-2.9632	-70.6758	22.1409	
Iter 35: -31.519	-54.7528	23.3504	-10.4345	87.1021	65.8032	28.0875	5.72716	-12.5692	0.103922	10.7782	-90.1807	55.1263	-26.3315	-29.7685	-61.2757	44.2316	2.39577	-11.3422	2.55379	-3.80349	7.45324	49.3097	9.47363	10.7567	33.1226	3.212	-4.10833	-72.1181	23.0936	
Iter 36: -35.6072	-59.4684	26.2301	-7.99262	59.9645	90.9112	7.99762	26.7743	-43.2539	-34.0911	27.3948	-101.337	41.2979	-13.0856	-22.0012	-46.2243	49.5173	-0.752658	-28.7787	1.44928	-7.20166	7.37126	53.3311	9.96355	9.21589	34.5772	3.57869	-3.50576	-71.4308	22.9044	
Iter 37: -28.2866	-30.1772	18.9738	-18.623	69.819	48.3443	-12.1475	-11.3217	-17.2062	-5.19698	-6.60575	-104.904	53.6828	-36.1377	-18.7917	-45.131	52.9933	4.5265	-18.3851	-2.85714	0.470411	4.25014	49.1348	8.0955	10.761	34.7565	4.26595	-3.75404	-71.6324	22.925	
Iter 38: -38.8931	-43.984	9.69289	-22.7514	89.3501	52.2651	9.1278	-13.0506	-30.8035	-3.11056	-9.45219	-92.4986	44.5251	-30.54	-14.4417	-51.8604	53.6519	13.6446	-12.0469	6.41433	3.00297	10.6803	52.4932	10.2261	10.4676	34.6497	3.65962	-3.76593	-71.2557	22.5895	
Iter 39: -39.3574	-28.1631	-0.420081	-13.9629	92.2174	73.7625	6.80586	-1.77814	-6.82579	10.4804	11.9425	-104.976	40.3683	-27.7741	-38.1878	-41.7171	47.9313	21.8597	-7.65002	-2.63534	-3.45341	6.87435	51.9971	11.5402	10.1078	34.1448	3.20953	-3.91666	-71.36	22.7359	
Iter 40: -36.0534	-40.7165	13.2057	-7.24929	78.8419	59.511	8.51636	-0.5619	-21.8706	6.37091	3.84136	-95.0894	47.8706	-19.5235	-32.8205	-51.3309	49.9548	19.3875	-19.3535	2.7257	-2.31311	9.96584	48.5274	9.71349	9.29574	33.3434	3.32153	-3.54779	-70.9945	22.7465	
Iter 41: -15.4715	-37.6293	5.30356	-32.5101	74.7011	54.9191	5.17456	0.850299	-9.34934	-8.32102	21.3353	-109.333	56.2833	13.4147	-29.5755	-60.9019	28.7404	12.6386	-27.9068	-10.3044	3.10317	6.91677	53.2098	10.2784	9.76634	34.3985	3.20071	-3.49247	-70.7437	22.8236	
Iter 42: -31.0033	-45.456	9.39148	-8.06611	88.0557	59.7866	7.62866	8.55714	-3.95335	-12.6115	3.13754	-111.975	7.94272	-37.9741	-27.1846	-46.5381	15.2943	6.01426	-8.56674	9.96829	-3.51368	11.7821	49.5821	9.7958	9.64689	34.5631	3.39536	-3.93041	-71.3482	22.8648	
Iter 43: -33.9165	-27.9847	41.6117	-21.3261	77.0934	52.7763	-9.22256	8.51247	-10.608	-2.17701	15.9339	-96.4189	47.1514	-31.1692	-20.0863	-51.2419	54.3876	23.033	-23.7563	-2.10757	-2.52946	6.43601	51.8032	10.9048	11.0896	34.0684	4.51629	-3.41356	-71.75	22.6885	
Iter 44: -30.5536	-41.9269	-14.9647	-31.5274	71.7611	72.6576	12.7905	13.5445	-7.09318	-2.74716	19.6903	-98.8584	38.8545	-11.7685	-22.8339	-60.1573	28.7922	6.16919	-3.14978	-0.00535377	6.52061	9.47319	53.2918	11.4562	11.3381	33.7037	2.64585	-3.85036	-71.4294	22.9635	
Iter 45: -33.0743	-32.0726	6.5498	-23.1641	72.4955	59.8563	8.64566	11.1259	-2.50871	-8.52426	-15.4954	-92.3247	38.5224	-12.7642	-23.4021	-61.9476	36.5608	2.16401	-18.1508	2.50813	2.95959	7.62458	52.0995	10.1686	9.96868	34.4955	4.20258	-3.60285	-71.7266	22.8558	
Iter 46: -20.8792	-12.155	-3.21899	-8.25802	77.6837	33.7102	7.9909	-15.113	-5.56844	-2.85149	-1.20208	-95.7878	17.0348	-14.8787	-18.0383	-60.7486	47.6955	2.26683	-3.94335	20.1258	1.67751	6.24074	46.9207	8.20423	12.6318	36.0472	3.26338	-3.83764	-70.6181	22.0993	
Iter 47: -9.031	-9.52541	23.1118	-12.6753	92.3457	60.0224	18.448	-6.29876	-14.1563	-9.97451	22.2063	-95.4169	53.1736	-18.7505	-19.027	-69.6868	51.7209	4.77541	-16.7651	3.72758	-1.86331	3.91043	50.7728	10.1059	10.026	34.283	3.2403	-4.00682	-71.041	22.945	
Iter 48: -47.4444	-23.8446	13.9503	-14.0904	86.7857	57.7794	2.03126	-1.85373	-18.6974	1.8654	10.6267	-102.865	55.6624	-6.62051	-42.5718	-40.6079	38.0375	6.26856	-8.92787	-2.6058	2.58724	8.00626	49.4262	9.35454	10.311	33.794	3.02128	-3.49448	-71.7489	22.9184	
Iter 49: -39.5081	-18.6027	6.82227	-7.51029	85.8671	53.3685	-9.80158	0.379511	-5.60634	2.06622	36.832	-94.7712	0.937636	-12.0598	-14.5697	-51.6771	39.9698	5.63627	-1.6531	16.4329	2.13385	8.0116	48.745	9.33118	10.8491	34.8259	3.70495	-3.93277	-71.3446	22.4934	
Iter 50: -33.4947	-24.9369	23.0299	-7.99222	82.6856	61.9418	-10.109	-3.48494	0.797003	11.38	-4.44863	-83.2767	21.6898	-18.6887	-14.7706	-67.1811	40.3241	17.4789	-16.8005	8.93575	1.51044	7.05679	48.8161	8.42842	9.77345	34.534	3.00228	-4.27232	-71.1223	22.4333	
Iter 51: -23.5754	-49.0683	20.9443	-13.2219	50.992	46.1545	2.05183	6.47112	-11.8161	-2.23478	-3.00156	-89.1071	58.8548	-33.6235	-27.9503	-63.4708	65.8759	11.0686	-16.1325	0.840214	-3.02768	9.29382	51.8257	11.1955	9.74712	34.9574	2.88643	-3.1407	-71.4023	22.821	
Iter 52: -18.1428	-34.0137	-5.34502	-23.3186	73.7452	65.2468	17.2664	7.80005	-16.0493	-15.4453	6.99656	-100.492	44.0113	-3.54202	-28.4272	-62.3002	39.0223	10.7619	-12.8111	8.44499	2.53387	7.10552	50.3913	9.02681	10.2536	33.4785	3.81336	-4.42096	-72.1438	22.1984	
Iter 53: -16.1502	-67.0645	46.2972	-33.0502	87.919	55.7492	17.6045	0.577026	-35.0715	-14.8542	19.6305	-110.197	14.6066	-35.1284	-20.1125	-53.2062	46.1639	-1.25936	-37.581	-7.40964	-0.460998	4.90085	53.8582	11.5224	10.665	34.2168	3.25186	-3.62996	-71.2011	22.6288	
Iter 54: -30.9415	-43.2203	-2.09163	-13.376	92.5124	52.7392	-1.20511	-0.814648	-16.801	12.6933	10.0519	-97.8647	41.877	-0.283563	-13.0828	-49.4748	53.3896	-6.59862	-0.812781	8.62411	3.39709	10.3424	48.0778	9.50637	10.7005	35.1493	2.84488	-3.86815	-71.4269	22.6434	
Iter 55: -29.5548	-18.5912	11.978	-16.0738	85.1651	42.8087	9.33257	-1.70365	13.3674	-0.229555	14.5804	-102.185	32.0095	6.09425	-17.5021	-56.8015	25.5544	0.131615	-7.12531	7.34258	0.804554	7.05472	50.7963	10.007	11.6792	33.6497	2.4166	-4.43078	-71.5904	22.7694	
Iter 56: -34.2949	-63.8472	9.90241	-12.3179	69.2164	67.6946	9.49037	22.7194	6.43334	-12.7678	11.9287	-86.5642	18.2835	-15.1981	-5.47413	-67.9245	34.4932	4.48847	-26.3046	11.6736	-2.10522	9.9205	55.0288	12.5168	10.5102	34.2142	3.74813	-3.82863	-70.6792	22.5772	
Iter 57: -22.7533	-53.3583	50.3245	-0.866756	61.2454	60.1156	8.17694	19.4916	-21.4897	-4.82736	-3.8051	-103.433	35.0819	-4.99873	-33.2552	-56.5372	39.8167	-3.02947	-16.6654	-1.89594	-10.8701	7.00167	51.8925	11.4895	10.1921	34.6071	3.67097	-3.23046	-71.251	22.8405	
Iter 58: -44.355	-50.7506	9.89822	-15.803	74.2533	44.115	0.286977	6.2003	10.0025	-9.73401	15.0363	-95.0345	31.8185	-23.458	-41.7129	-53.3603	38.5594	16.4846	-19.516	8.60935	0.704222	9.00883	53.7126	11.323	10.1711	33.9458	3.39423	-4.14328	-71.5281	23.2759	
Iter 59: -44.3037	-23.5859	-9.53329	-3.05672	87.4923	41.7276	1.32812	-3.21948	13.0823	-6.33002	17.3287	-85.1806	7.01167	-13.9656	-19.0033	-59.5214	35.4316	12.0462	-14.9756	22.2846	-1.39063	9.63055	49.3528	7.97793	11.4468	34.2575	2.89534	-4.61293	-71.2961	22.5883	
Iter 60: -42.5853	-44.3822	14.5807	-17.0909	68.4764	64.399	1.9677	-4.15252	-19.7775	-9.0246	30.339	-90.5569	77.1128	21.5207	-32.1194	-52.1709	54.6123	3.765	-14.314	4.41402	0.422649	2.92912	52.1749	12.1171	10.0675	34.454	3.72694	-3.50649	-71.196	22.8581	

Best Xs Fitness
2624.36
2627.31
2622.13
2628.09
2626.51
2620.54
2622.37
2623.84
2623.33
2626.12
2626.86
2619.78
2627.58
2626.47
2627.13
2623.74
2625.41
2624.62
2620.58
2627.01
2623.19
2625.66
2628.76
2623.56
2622.69
2623.71
2626.03
2623.76
2622.76
2622.9
2620.81
2623.19
2626.7
2629.21
2621.93
2621.02
2624.67
2623.78
2621.62
2622.39
2621.93
2625.19
2622.94
2624.95
2625.78
2632.56
2622.99
2622.87
2629.03
2628.17
2626.76
2624.13
2619.94
2626.03
2628.26
2626.94
2623.98
2625.66
2630.31
2624.73
