13-Dec-2018-18_03_38
 - Ran 773.540140 sec, min 3124.96


Best Xs
Iter 01: -74.7235	-7.33713	-1.94793	19.5192	56.0785	65.8138	-124.659	1.01481	477.981	44.0227	136.871	379.929	-384.671	424.835	-7.76217	-1.04399	-0.294956	24.611	-174.417	49.2605	-23.6994	4.83348	689.65	-34.3414	-403.257	94.2363	-286.69	0.374731	2.44214	-43.5187	
Iter 02: -78.5147	-14.8571	-2.16514	46.2359	-38.2723	60.152	-321.338	1.5341	271.713	53.8589	-348.2	374.188	-717.829	-445.707	-0.162757	3.83538	91.9348	359.964	275.913	49.9939	-32.8147	-1.90527	395.539	-151.182	-191.938	84.7126	-379.055	-11.1046	4.86598	-50.6556	
Iter 03: -76.3469	-8.40019	7.41112	30.618	290.13	66.9453	-472.071	7.20025	-4.73912	45.5336	484.789	-553.403	186.398	-105.477	-10.0162	-2.27898	12.8607	633.829	89.7513	512.365	-27.158	-3.67598	-206.236	-218.698	-104.705	37.7589	-279.523	-4.23927	-4.62766	-48.1559	
Iter 04: -75.9937	-11.6245	2.08866	38.197	-9.80085	65.948	369.969	8.05026	279.461	48.5669	153.41	-146.41	-784.343	-19.9703	-9.10648	3.60451	-43.4298	175.574	-411.877	151.379	-29.0386	-6.94637	379.05	199.274	-32.0367	-632.649	-44.093	-8.43873	1.90437	-50.8547	
Iter 05: -75.3441	-8.68223	-4.10913	29.5596	52.0019	67.1864	-12.6114	9.02559	77.9493	46.4034	14.0556	86.1491	-64.9575	683.695	-2.85691	-3.99067	-64.1599	-687.999	513.14	408.258	-26.5849	9.30557	-354.841	355.805	-51.5322	401.153	71.9427	-1.90229	7.18871	-48.4084	
Iter 06: -76.3744	-11.1109	-3.35573	41.8908	-66.9714	63.614	-171.699	6.86444	-151.723	51.028	63.0992	82.7956	-258.64	536.213	-1.01075	2.68897	61.6569	-320.409	-297.499	78.6819	-30.2484	-4.21238	102.909	-428.127	68.3395	716.668	-307.21	-9.14572	8.16798	-51.1725	
Iter 07: -48.8914	1.69121	-14.0222	133.338	17.4319	21.3883	-444.647	16.5515	-287.409	16.6596	44.3268	-75.892	-525.259	-612.611	10.8209	-16.0026	-189.518	31.0916	-273.117	496.048	52.6327	5.94815	-9.73531	-301.798	-335.866	-393.324	-26.8204	9.63645	0.405535	17.4916	
Iter 08: -83.5846	-17.873	8.69365	54.2888	-445.397	47.8884	586.298	2.92556	260.423	60.7129	319.33	74.5428	219.587	-195.641	-7.41366	-9.83577	-114.243	144.907	12.588	228.541	-35.927	-7.5983	-338.383	-408.481	209.402	746.732	-0.702402	-11.0977	10.7482	-47.0897	
Iter 09: -71.2681	-25.1038	0.547983	36.8327	109.109	-13.0063	-284.07	0.0634422	4.13209	71.6053	153.688	-99.81	328.056	342.285	-0.0792511	4.10646	-628.096	140.05	34.5009	470.268	-41.5262	2.96187	185.651	11.7188	-80.6376	614.6	202.253	-22.5056	-5.23497	-22.3743	
Iter 10: -85.5543	-18.1906	-1.75913	54.5167	-15.5221	47.9762	228.861	1.8944	-62.0011	60.2243	604.244	532.109	-118.535	-119.16	-13.7195	0.240545	75.7142	98.4456	-524.483	477.965	-36.5172	5.52613	47.7981	-611.982	-87.1013	-23.6002	-15.4575	-11.6354	13.2945	-47.0458	
Iter 11: -77.67	-24.3562	-19.8634	36.8054	-253.567	-8.11294	410.14	0.52966	95.6529	74.8541	110.109	556.11	-54.9722	72.5963	4.9029	-11.7568	-747.959	200.843	-34.3107	-33.7973	-40.5051	14.5435	518.048	158.517	-57.5603	67.7636	235.686	-21.1023	3.84058	-26.9644	
Iter 12: -87.7467	-19.3888	-0.14701	55.5424	-208.975	44.2098	490.926	3.23587	-25.5264	62.1803	477.303	-23.5066	-85.8349	38.3522	-4.86974	-2.15221	-97.2878	306.29	-163.506	414.169	-36.6102	-1.9677	685.917	-77.17	525.846	8.58676	-119.867	-10.4631	3.72878	-45.3162	
Iter 13: -74.5857	-8.03155	0.596309	28.9728	-190.943	66.3069	202.926	3.6506	-507.329	46.1826	304.78	152.601	-71.9887	424.248	0.681623	5.69736	-213.763	-164.205	-468.062	306.035	-26.1644	-6.78484	522.623	-149.963	-66.533	272.147	-342.049	-3.80213	8.72776	-46.9381	
Iter 14: -73.986	-6.71468	-5.59208	9.99001	-0.622553	61.9589	-73.2265	2.90601	-110.141	42.7763	-92.0494	-549.597	-613.756	63.5004	-4.10239	8.76585	-119.128	518.862	21.6618	-146.284	-19.6467	3.05603	639.255	-31.929	-116.98	300.075	6.30604	2.51504	4.55215	-39.762	
Iter 15: -83.7237	-19.2016	6.35147	53.8372	127.179	50.4275	-220.763	1.88403	763.619	59.8514	201.713	247.013	-517.729	-23.6164	-4.4365	4.20375	-219.321	-147.167	333.731	296.62	-36.4243	-0.772536	84.3663	-69.076	-314.76	463.312	148.948	-11.3484	4.76532	-47.2133	
Iter 16: -75.4105	-8.23334	3.67066	14.809	157.451	64.862	-27.5181	1.68419	176.98	42.7428	254.541	591.88	546.859	91.0725	7.60014	2.17526	-615.322	106.508	-188.885	64.6645	-21.5392	-1.48041	398.792	-49.8963	-142.156	285.776	562.785	2.56679	7.59964	-41.1714	
Iter 17: -76.3454	-7.91392	-6.5063	21.1126	-103.347	65.1511	-292.06	-0.0519271	94.5762	42.9884	-16.5257	-41.2205	-469.508	-640.641	8.13465	0.927828	-534.296	139.59	258.977	-616.615	-21.3424	-2.10145	203.214	-558.191	-59.7901	26.7467	-26.4352	0.959495	-1.99403	-44.3593	
Iter 18: -76.5656	-11.4098	2.77831	40.6037	111.377	63.8208	-307.665	4.7991	220.756	50.2532	-49.3988	-162.289	-714.148	4.83542	-4.38466	3.9215	5.34226	477.923	34.8658	143.106	-29.8196	3.42693	348.472	-305.645	-470.569	371.715	4.35712	-9.44945	-0.275678	-51.2647	
Iter 19: -72.7705	-7.94621	2.64921	21.6736	-500.615	65.5324	546.563	-3.17309	-648.697	44.2092	-29.609	551.402	-50.9961	-253.473	-3.24446	7.60612	-440.391	-346.786	142.43	-228.865	-25.5898	1.12953	332.734	77.9456	-288.717	94.4438	-204.671	-0.919947	5.53626	-44.2172	
Iter 20: -86.4929	-18.7615	-1.14336	54.5339	-56.8627	45.2559	36.7736	12.9594	263.662	60.0454	545.398	36.3782	-198.901	247.137	-3.27326	-7.21309	-45.4486	-15.7457	800.785	-345.718	-35.8284	0.700597	57.7724	-52.2756	-41.3745	719.968	-51.0551	-10.704	5.11423	-44.7217	
Iter 21: -22.8701	3.54751	-1.33344	64.191	-212.242	39.5687	-16.2799	5.623	278.244	16.1261	58.3524	17.6085	-626.674	12.1549	-7.06404	2.18648	-59.4536	35.3578	102.646	357.719	-32.1813	-2.48603	636.381	-524.319	-105.579	72.8253	-245.078	-3.91205	12.6033	-27.5611	
Iter 22: -74.3924	-10.3795	3.84043	33.8617	197.014	65.2982	-450.575	2.68532	-430.276	47.2415	239.203	-1.59277	-75.1929	-109.829	-1.82674	-1.08556	-402.802	-38.4308	98.4068	312.565	-27.524	3.55403	456.258	544.681	571.615	62.6171	-540.338	-5.11625	-1.1401	-49.6138	
Iter 23: -75.2971	-8.91881	-6.93721	31.0965	-35.0379	66.4042	-75.778	5.49484	-146.777	47.1451	345.106	39.6082	-506.411	-53.89	-5.91139	6.49377	25.2209	-628.587	196.318	85.6402	-27.0861	-1.24799	338.231	-508.736	-462.009	430.66	-71.9585	-3.95346	1.25845	-48.1661	
Iter 24: -75.355	-10.7905	6.21409	33.6461	180.493	66.2794	-511.876	2.007	169.756	47.8887	-41.6574	-369.161	-233.82	173.146	-4.81317	0.653509	-528.527	395.16	-278.149	138.2	-27.9677	4.22852	308.68	-28.2718	-384.023	-338.705	-259.791	-4.70312	-8.34329	-49.0659	
Iter 25: -78.1128	-15.0481	3.1372	48.733	157.61	59.2302	-294.022	4.10163	-386.395	52.9354	-160.209	-246.03	-450.254	-428.117	-2.66519	-2.31528	-375.761	-163.319	-378.049	447.652	-32.0243	0.387323	17.6813	319.067	-648.95	38.4205	-155.225	-11.7303	2.55989	-50.6233	
Iter 26: -86.9819	6.22543	14.9029	96.4331	-504.333	11.4019	144.57	6.62962	363.556	-19.7529	167.844	-95.0223	353.939	289.703	-0.203537	4.37043	-437.482	60.4202	-15.8664	13.6766	31.8007	-9.28171	156.734	-39.0232	-440.484	581.281	-355.351	16.4724	3.35996	-70.8011	
Iter 27: 32.515	-9.46575	17.2319	98.5353	-231.15	-13.2589	99.3596	6.56271	516.771	-17.141	631.607	-76.0947	-16.2285	-91.3997	6.75677	-3.89537	-654.776	-540.636	-5.82075	302.827	31.8351	-4.38382	-26.9393	311.819	-30.2154	-53.293	-3.96531	-15.0959	35.3926	-28.2615	
Iter 28: -12.5431	-42.4608	25.1539	125.877	-230.6	8.09586	-140.394	-4.26941	400.889	-9.94716	-138.485	-51.5112	628.808	198.955	-4.82167	3.65595	-111.366	315.863	-370.078	-182.517	4.9793	-12.7019	727.14	-43.5804	5.35514	257.874	-199.355	42.7779	11.3593	-10.4529	
Iter 29: -75.2372	-7.13777	-1.95536	12.3817	-167.287	62.9957	-86.1852	5.877	125.562	41.9426	156.06	-32.9427	529.855	404.519	-9.21436	1.547	-465.906	-36.1453	-257.781	-3.01435	-21.1166	-5.80576	-540.07	403.64	144.934	31.5429	-846.675	2.19919	5.36777	-39.9742	
Iter 30: -75.0699	-7.29401	-1.35844	15.6791	-54.0234	65.5162	-37.0637	6.37359	109.74	42.3307	50.8367	-2.40383	-69.9871	-153.23	-2.62992	3.15142	240.552	470.45	151.597	345.715	-22.3741	4.96231	940.04	-236.941	-117.225	-43.4754	-336.08	1.67422	2.2634	-41.6376	
Iter 31: -78.2799	-13.6322	9.19824	46.2689	123.62	60.8423	-238.656	-3.13922	697.445	51.8986	400.409	-52.3531	-39.5105	-228.49	-3.6231	0.771935	-160.945	-586.313	31.3091	253.523	-32.4579	3.17266	547.991	152.41	58.7773	32.8326	-429.887	-9.88925	4.4045	-50.782	
Iter 32: 49.8328	2.02364	37.3913	129.061	-95.737	-41.8689	-723.119	30.3242	-5.92035	-34.2057	55.5609	475.803	-23.4465	31.5307	8.80305	8.05509	587.158	-499.232	-9.47696	-339.182	67.4814	14.8793	335.528	-441.862	-94.5227	43.7987	79.872	19.2783	31.8182	-17.6422	
Iter 33: 4.35637	1.45439	-3.63667	7.1816	4.14045	-4.037	-19.9567	29.9087	-68.6827	-5.5791	269.495	-61.8569	-583.631	-463.137	-6.38007	-4.82776	68.3356	-572.203	-520.445	-515.469	7.77587	-10.71	218.531	-380.028	14.5432	2.45689	-97.3389	5.14388	23.4176	1.84303	
Iter 34: -79.7014	-14.6714	-3.45275	46.1244	-127.083	60.0179	443.633	3.51994	-429.796	54.4716	484.926	221.804	18.2685	-453.235	-2.01291	-16.8783	-482.343	419.784	-26.4118	55.8113	-30.7814	-2.09955	-41.447	-126.074	-372.009	429.623	480.916	-10.4169	-1.48687	-50.9234	
Iter 35: -74.5723	-8.51721	-6.99149	29.9221	-144.028	67.3451	-52.2815	7.27005	12.3624	46.9458	17.2438	51.174	-507.82	-130.152	4.34719	2.79338	-242.305	-161.918	-24.0211	-430.072	-25.7485	-3.22385	564.855	-69.5627	28.7284	761.439	-203.671	-4.0372	9.95859	-46.4151	
Iter 36: 36.6383	10.982	3.23	44.9615	-454.055	-31.2146	-23.1007	9.43037	-53.8933	-33.903	131.227	299.001	-150.248	47.5495	-3.6369	-1.05158	-399.556	589.434	62.4161	-83.7493	51.8854	-5.31815	23.069	-539.255	692.185	-390.044	72.0658	28.3871	-7.00104	5.2081	
Iter 37: -81.5041	-16.5495	-2.9385	53.9434	-328.519	53.0034	629.305	10.6454	251.36	58.4418	40.1882	-253.935	-2.4139	543.014	-7.57729	1.69647	-84.7937	-159.075	-239.973	149.613	-34.2518	0.511596	673.176	57.2602	-253.029	-138.075	-76.3393	-9.97328	1.78296	-48.1015	
Iter 38: -74.0765	-6.33035	-21.6859	1.99041	-4.50407	60.3426	177.406	5.77534	-56.9707	43.6923	-28.9553	-7.22018	77.4697	181.367	-8.46287	3.05975	141.604	191.652	-436.864	364.804	-17.1724	-5.24668	593.364	42.9653	-221.005	670.751	75.4765	1.66256	1.43278	-36.5131	
Iter 39: -73.9373	-7.47808	6.65151	12.5679	-120.352	63.4208	-185.497	3.4585	-198.09	43.6708	469.469	-391.839	7.64934	-10.0145	-9.91052	-2.37889	-279.369	23.1216	303.718	642.887	-20.7245	-0.294373	136.58	-292.879	-253.391	341.832	-483.913	2.22101	1.44173	-40.6632	
Iter 40: -74.3384	-7.15638	6.43009	9.56202	-228.835	60.2203	525.581	7.74522	103.424	41.1813	671.174	-26.5015	-100.796	-28.3797	-4.84185	-1.36282	-102.27	456.47	128.542	70.3015	-19.6947	-1.48406	630.505	-424.318	78.5773	106.358	117.166	1.71514	11.7265	-39.5849	
Iter 41: -76.7904	-12.3753	4.62352	42.9179	-114.679	63.8015	247.667	6.56184	121.103	51.5809	153.24	-65.1707	139.474	-211.706	-2.86419	-1.8603	22.3623	-93.286	-78.4114	597.902	-29.8398	3.91945	390.31	83.6247	711.367	648.895	-51.8672	-9.57865	4.88261	-50.6368	
Iter 42: -6.89588	-42.0847	-3.47396	131.155	-597.019	6.9623	274.942	10.4417	-75.4694	-15.6286	-80.961	693.102	-353.489	-89.6465	-11.3444	2.2058	-639.261	225.433	-58.7027	34.4141	12.0546	8.55212	42.504	17.205	-22.3556	89.352	3.71091	46.6702	0.811911	-10.7208	
Iter 43: -80.1345	-15.618	-0.638609	48.143	-136.94	60.2984	37.9059	-1.15055	-51.7855	54.7956	75.2994	-13.5676	-454.845	380.687	-4.61649	2.74647	-191.09	64.0289	-799.973	100.787	-34.3996	-3.09545	28.61	-474.811	-149.068	120.178	-271.879	-11.2949	1.47618	-50.5492	
Iter 44: -77.1382	-12.4166	-0.068989	43.731	73.6262	63.7609	22.661	6.23381	119.386	50.4311	678.814	-93.5622	-393.328	258.976	-8.15009	0.54814	-136.678	-43.4829	-158.246	269.975	-31.0247	-3.44015	541.164	-160.979	83.0839	511.598	-59.1043	-11.0459	4.60808	-51.1991	
Iter 45: -84.2488	-17.2704	-0.692864	53.4122	212.951	51.0642	-81.366	6.93075	-448.708	59.7057	595.469	-46.9014	-214.166	-186.654	-3.6163	-0.162922	-309.839	-185.288	130.302	516.404	-36.3744	-1.37707	208.873	148.344	679.37	344.867	167.44	-10.94	6.39958	-47.9522	
Iter 46: -78.1813	17.5453	-16.766	89.1129	-239.366	12.4032	-344.496	22.6282	-77.0262	-37.1291	-39.6974	359.993	-523.473	-19.6897	-2.68007	-14.6954	-675.882	-465.727	-106.875	48.7541	51.1327	12.5491	179.847	-53.1402	218.898	241.908	-8.24373	32.1072	16.8916	-73.0357	
Iter 47: -79.4993	-15.1965	-2.16771	49.6462	-33.1971	57.8612	-14.8354	-0.20018	-110.511	54.5018	383.406	-15.4319	-510.82	34.5751	9.36261	-9.23547	-639.795	64.3133	-29.7913	772.439	-34.4383	-6.65182	44.8287	-113.535	119.702	85.375	21.331	-12.3064	-1.15034	-49.069	
Iter 48: -80.5534	-15.5053	-9.88171	50.0931	-48.7346	56.0037	145.219	8.02228	1.73384	56.0967	423.634	575.488	-184.277	-269.997	1.36889	-3.14182	-686.763	549.234	-317.855	100.794	-33.3224	3.02283	-8.65175	45.2624	-288.651	-176.867	2.20931	-10.2774	4.10661	-49.3344	
Iter 49: -120.958	-43.9264	33.0017	-25.0421	-578.738	105.431	67.5738	-14.2012	78.5283	68.7389	-51.341	-35.2969	-293.708	578.533	-11.8682	-5.49934	-212.781	-6.65885	-371.019	54.4299	-130.213	-0.528994	-165.378	367.938	-433.237	374.02	-333.282	-77.558	60.1361	-12.2219	
Iter 50: -74.8141	-6.80572	2.82984	11.6136	295.464	63.8642	94.5029	4.43594	-356.632	42.9431	864.53	58.5159	-82.2889	444.186	7.63013	4.38927	-372.51	-208.453	-242.434	-13.1839	-20.749	8.50023	65.5863	42.8447	19.515	318.983	482.723	1.43102	12.8816	-40.714	
Iter 51: -84.1549	-17.5669	1.49367	54.7127	-107.952	47.5651	-253.733	2.61932	32.1035	60.9675	-1034.36	34.8729	-184.026	691.243	-2.46574	-6.23762	-153.964	110.637	39.0968	40.0537	-37.5602	0.337046	48.6129	-201.756	534.451	-1.08092	112.475	-11.3248	5.32954	-46.1129	
Iter 52: -75.5445	-8.30634	5.73799	24.497	-187.878	67.5203	19.8291	-5.47339	401.216	45.706	-51.0995	-328.339	-248.389	205.574	2.17214	7.28532	-89.4491	-26.5255	-33.651	240.354	-24.0026	8.50737	601.677	-13.0008	-605.234	376.243	-403.662	-1.33556	-3.05071	-45.8436	
Iter 53: -75.4877	-11.7732	-1.18105	41.7704	-122.467	64.8309	185.138	-2.86165	58.3872	49.5441	144.224	94.2263	-302.76	30.503	-5.99903	3.98025	-318.627	197.293	61.5522	605.745	-28.1851	-7.63874	508.962	-67.2017	-674.904	-39.2079	36.7259	-8.20589	8.60863	-49.3388	
Iter 54: -75.2254	-8.42017	0.791978	26.9455	-412.74	67.2	181.408	3.94277	533.021	45.9617	-361.991	188.314	-216.519	-50.2825	6.09243	-7.90192	-102.919	121.269	-101.021	-512.45	-25.9957	0.563893	437.793	-305.856	-536.511	-116.52	-476.466	-2.34553	1.92165	-47.0596	
Iter 55: -75.4451	-6.58746	4.69265	10.3314	47.1381	62.3431	-215.403	17.2317	284.2	42.9681	88.5545	-27.0217	-312.022	626.682	-7.09927	-4.471	-414.691	20.0649	-40.8108	754.924	-20.0483	10.9784	-203.854	5.70655	218.416	-23.8506	-148.541	0.958158	7.49045	-40.5438	
Iter 56: -74.6811	-8.76552	7.06215	28.8679	160.664	67.6996	-494.214	5.54537	515.352	45.7766	-727.753	-74.6728	89.0829	557.36	-4.0318	2.19897	-311.196	28.7843	33.3223	-81.9825	-25.6616	1.92089	387.563	281.384	-367.606	168.699	52.0363	-2.9594	7.60112	-48.5929	
Iter 57: -88.3461	-20.3523	0.109245	54.4645	-69.1399	40.2526	105.009	13.2385	262.949	64.3523	497.683	-301.425	-311.23	156.357	-1.96406	1.41265	-231.625	314.85	22.6755	335.756	-37.3082	-3.68581	69.7062	42.5882	171.549	779.846	-122.934	-9.5788	1.34074	-42.3199	
Iter 58: -7.83213	-42.9616	41.911	135.595	-505.899	2.05239	329.653	24.6396	485.84	-14.3887	84.8909	118.016	169.558	59.2522	-10.1022	7.80255	64.0281	52.6149	-220.171	718.584	12.8325	2.18292	330.119	-398.73	-12.5414	19.8657	-10.3386	49.8278	24.7423	-8.35513	
Iter 59: -74.9844	-11.3995	-5.16178	38.3059	21.9791	65.2727	120.065	2.96401	419.816	49.5207	320.234	-6.98397	-8.87448	18.2858	2.79046	4.18423	59.7057	967.255	-4.18595	3.2951	-29.4232	1.51542	518.996	265.13	210.056	152.024	-260.73	-9.09144	13.6752	-49.8136	
Iter 60: -78.368	-14.1942	-2.55211	47.3285	-302.044	60.2404	190.369	1.67808	-173.485	52.9266	83.3121	-463.92	12.1798	190.626	-3.56412	12.2202	-341.24	62.6224	215.923	-82.6782	-32.7169	-6.4524	514.727	-30.7554	240.741	775.492	-134.359	-11.8343	7.21058	-50.1106	

Best Xs Fitness
3125.1
3128.24
3127.52
3132.15
3133.72
3133.48
3240.73
3132.12
3127.79
3135.73
3136.3
3126.19
3127.58
3126.3
3128.98
3129.9
3129.21
3125.75
3127.1
3132.26
3188.59
3124.96
3130.02
3131.9
3127.62
3248.83
3223.69
3225.49
3127.87
3125.79
3129.88
3266.84
3150.69
3129.06
3128.01
3133.71
3129.52
3135.79
3127.78
3133.81
3130.33
3226.73
3130.33
3129.08
3132.02
3290.04
3129.86
3131.36
4299.53
3132.18
3129.31
3130.87
3136.85
3125.59
3134.78
3129.94
3131.49
3262.54
3131.93
3127.95
