13-Dec-2018-12_37_59
 - Ran 428.096964 sec, min 10340.8


Best Xs
Iter 01: 17.2555	-9.48808	54.539	15.759	-2.99391	47.7043	29.6746	18.7944	4.24023	32.3887	-3.48278	-3.44597	1.40808	-38.5591	-9.78172	-35.8058	4.47479	-43.8295	-35.7627	12.5292	-33.028	72.8914	-3.83048	-25.5163	37.7529	22.8632	3.06744	-47.7499	16.5478	3.45154	
Iter 02: 19.2137	-19.731	39.982	17.6314	-34.8534	27.7326	42.1347	27.6867	15.6656	20.2167	-14.8065	-25.2728	5.02533	-10.3976	14.7438	-50.4122	-12.9859	-41.9742	-11.865	11.8177	-7.06179	44.9405	13.648	-47.9818	33.9047	49.3584	-1.99141	-56.2124	-33.9908	-3.45994	
Iter 03: 2.88612	-7.7965	16.2055	12.0912	-17.9955	27.6252	56.6833	14.2847	20.8952	32.4484	-11.2176	-40.1525	-10.7558	-39.2051	24.033	-48.3558	-11.3203	-67.1144	-44.0078	-9.92527	-2.95	27.0482	14.3305	-23.7528	55.1943	47.6334	-9.77961	-74.152	6.55974	-11.7488	
Iter 04: -9.94662	-9.52208	27.7884	-0.406037	-33.6286	40.353	51.7526	-4.83829	16.991	22.8195	-42.6845	-22.6229	1.75369	-38.1183	-0.0924193	-46.7055	-10.9742	-58.6274	-34.1517	0.31326	-19.1549	46.2452	-32.5313	-30.3626	68.9189	63.657	7.04868	-27.2752	-33.2413	-8.57164	
Iter 05: -5.07685	-9.2312	41.3994	11.3746	-22.1888	56.1379	54.5682	1.594	17.6468	19.934	-30.5308	-25.0867	16.0433	-32.0514	12.4132	-31.0872	-20.8014	-53.2999	-26.2758	8.36302	-33.8518	74.0235	16.5496	-50.5194	21.0519	53.02	-13.3036	-55.303	-48.26	-10.8072	
Iter 06: 5.58104	-6.1593	34.652	-12.7261	-40.3587	32.2064	54.386	-8.53322	-3.10059	11.7311	-32.101	-25.3786	-9.90052	-22.2314	9.80867	-74.1587	-31.441	-25.1189	-20.3887	-2.77057	-20.0832	43.2914	-4.60192	-44.8491	35.6268	59.3034	9.83268	-43.6995	-45.4694	-6.47865	
Iter 07: -6.02241	-10.965	27.0596	-10.8305	-11.1381	54.4022	43.6813	34.6402	25.3789	15.2239	-48.867	-32.3078	-14.5916	-38.7382	29.4939	-48.2352	-40.7632	-44.6708	-20.5725	-17.5923	-23.1849	29.1358	-19.2047	-25.9414	30.3384	61.8438	-7.71335	-54.1114	-16.6345	-16.3876	
Iter 08: 19.4957	2.67192	23.5966	7.83221	-34.9613	24.3862	47.7039	17.9381	27.0358	31.0131	-33.402	-33.6432	-1.68986	-27.1307	1.74197	-33.0529	-48.9063	-36.0184	-41.9135	-2.91259	-15.8689	50.5901	-15.9358	-36.5868	43.8872	57.7239	16.5861	-17.223	-7.92293	0.644742	
Iter 09: 19.7287	-0.00151086	22.9489	-18.6492	-16.6388	64.114	56.8718	-3.10747	32.0323	2.91154	-20.2956	-26.4218	6.91082	-31.6477	26.2421	-58.1879	-23.5216	-33.1789	-20.3187	-10.8148	-19.672	53.4602	-13.2487	-45.8466	41.4257	47.4467	3.49942	-54.1719	-17.2315	-6.83316	
Iter 10: -12.4207	-42.3656	20.175	28.4192	3.54079	54.3772	42.0604	-2.97231	13.1386	8.57781	-20.0472	-46.1903	-3.86526	-35.9241	11.2953	-39.1776	-28.5827	-14.9894	-20.2341	-9.29847	-17.2189	37.3384	6.07674	-37.5826	43.6909	60.8286	-2.21631	-35.225	-36.7125	-12.903	
Iter 11: -15.4893	-9.09535	37.708	-6.09811	-37.781	39.1934	40.2399	24.768	13.5424	37.8803	-21.2363	-25.9367	-7.43543	-21.4328	24.0243	-8.50471	-40.0159	-33.7846	-34.279	1.53609	-28.8983	52.6792	-18.6504	-50.3636	50.5232	60.798	1.6041	-49.66	-33.3485	-17.8442	
Iter 12: -14.948	-12.4652	30.9163	0.944262	-13.9539	68.444	52.3044	6.01271	15.731	6.11589	-34.7915	-25.6235	-8.4495	-49.1823	-2.43351	-31.721	-24.6849	-50.5509	-21.4653	-5.1649	-23.8692	45.2941	8.9216	-33.4689	25.4873	61.6809	-4.28829	-28.9472	-24.4482	-9.51042	
Iter 13: -17.9695	-0.191273	32.7964	19.9066	-23.121	40.718	59.3098	3.14761	11.8896	32.8163	-10.1299	-21.7178	3.89262	-34.9757	-13.3763	-13.4077	-41.8575	-61.1086	-21.6473	1.91938	-28.3876	60.795	8.90306	-23.9759	59.718	39.4278	-5.29024	-49.3176	-15.1289	-7.14137	
Iter 14: 40.1852	-33.2554	40.2301	-17.927	-25.817	58.8552	44.7296	18.0631	6.83449	16.0558	-17.5262	-45.1704	1.49079	-24.8667	-10.1339	-37.8445	-38.1509	-56.8493	-48.1243	-21.5117	-30.5271	61.9598	-4.09412	-12.8132	33.2483	38.4583	2.86716	-46.5894	-15.9409	11.168	
Iter 15: 9.26154	1.95047	19.3993	-2.41135	-36.9571	57.2241	61.4069	-3.36296	7.47302	16.2258	-19.2491	-20.2242	-7.91381	-26.4836	11.6969	-47.9029	-27.8007	-55.7779	-38.5142	12.5383	-33.9845	50.9002	5.42727	-51.5313	33.7118	61.9856	-5.75866	-56.6015	-3.28051	-5.82534	
Iter 16: -8.37342	17.3205	38.052	-9.74201	-14.9316	57.8772	41.9335	9.28201	11.4512	23.211	-27.3723	-35.3968	-4.33696	-30.8963	21.9118	-39.2457	-36.7471	-18.4785	-23.3512	21.4074	-15.1341	34.1813	7.67085	-32.0201	38.9604	40.5415	13.5474	-57.1663	-31.41	-14.8271	
Iter 17: -11.8686	-5.52077	36.2585	-15.2063	-40.3611	40.5079	46.8401	8.82411	23.126	21.1069	-31.3182	-30.5349	16.395	-21.1187	-2.09525	-33.276	-38.6094	-46.8941	-47.2207	0.451356	-39.4981	55.4966	-17.5433	-21.0506	38.7285	64.634	-15.0725	-40.6745	-21.7093	-8.59465	
Iter 18: -3.03813	-19.3436	49.1694	0.223896	-16.5013	50.0017	56.3586	3.81819	2.98853	2.91564	-10.735	-25.6766	5.12369	-30.9108	0.812791	-37.0171	-46.2889	-43.7809	-19.2084	3.45584	-26.1758	65.0267	1.93904	-16.787	39.7913	35.0171	11.7077	-43.0603	-1.13622	-6.55562	
Iter 19: -13.1821	-37.0149	15.8054	-3.45711	-36.1658	61.2049	44.0152	-14.0995	8.7665	6.7077	-9.64926	-15.9143	-3.4819	-25.0745	15.3369	-50.9492	-12.9562	-27.1188	-20.7938	2.28916	-33.535	38.1802	-27.012	-47.3627	37.8596	45.4403	10.9951	-42.5485	-17.4044	-14.401	
Iter 20: -7.71738	-4.10432	31.0344	13.2715	-26.6045	69.4405	35.7448	22.5385	23.9001	28.7576	-6.87314	-25.7072	-19.8052	-19.3091	-15.5218	-36.6163	-15.5231	-43.6728	-20.4894	-20.7726	-16.8427	45.4437	16.0615	-43.8513	58.1399	67.6918	-24.146	-44.8161	-23.0856	-3.07672	
Iter 21: -13.5469	-5.77843	30.1881	1.32535	-49.081	28.1091	58.9394	11.4282	17.8586	22.9192	-6.21658	-13.5452	-1.88464	-30.4637	11.3115	-40.0178	-9.29363	-35.2605	-18.1752	12.1569	-16.1214	41.3133	13.9188	-45.3922	29.7125	36.2091	-5.90454	-28.6503	-48.5539	-13.282	
Iter 22: -14.5708	-17.6172	41.1771	-8.29754	-34.4132	32.1099	52.5035	-10.1303	32.448	-0.895342	-25.8785	-39.7486	-6.30399	-34.5267	10.6059	-28.7967	-24.8152	-34.9332	-41.7137	-2.39418	-27.7905	28.072	-24.6944	-22.197	49.2335	53.1173	-0.0259746	-35.5516	-25.4086	-13.4037	
Iter 23: 14.8154	0.729164	43.7921	-21.2976	-34.3864	57.4116	46.9632	1.99499	19.6748	22.7813	-16.4416	-23.5688	2.13006	-22.3908	5.46125	-55.2175	-37.7444	-42.8707	-24.4412	3.11382	-15.6208	30.495	-9.88009	-12.1791	47.0788	38.2222	6.77928	-39.5082	-29.439	-2.05351	
Iter 24: 10.0726	1.63304	43.7838	16.7909	-39.2161	64.4636	36.6917	5.1089	9.27815	10.6821	-17.1484	-35.0972	16.4553	-28.4246	21.8824	-58.4675	-52.816	-47.646	-33.2319	-2.95618	-20.7703	52.8551	6.35755	-50.6489	47.8703	21.6051	-16.7154	-36.9674	-35.798	-8.6971	
Iter 25: -15.0356	-24.1539	13.4517	26.8441	-6.41324	53.0513	48.0353	-6.14021	13.1815	26.8125	-41.9835	-8.82323	-6.27639	-24.4271	4.86501	-55.3125	-10.1322	-32.9026	-21.073	-10.4216	-19.3253	48.5242	-21.1655	-35.4136	31.4859	65.1664	8.37342	-40.6526	-32.8453	-11.7851	
Iter 26: -24.9202	-10.5512	18.2602	-0.821361	-16.2375	41.4136	46.0758	22.8409	16.5254	17.7566	-46.8901	-39.9363	-4.56997	-33.4869	22.903	-29.6443	-34.569	-36.2038	-48.6417	10.8118	-30.1536	36.3329	7.75956	-25.4946	42.0902	58.3256	0.437805	-15.4281	-17.21	-20.6282	
Iter 27: -14.3035	-9.14475	32.8427	-4.00679	-40.4688	37.0641	43.9164	-15.529	15.2497	13.3182	-19.9218	-28.8794	-18.6618	-21.0728	-0.268678	-19.9359	-31.3251	-16.4154	-20.6419	6.348	-15.1166	58.6466	5.46416	-51.671	47.1289	46.3816	12.4065	-58.9906	-31.3994	-9.96443	
Iter 28: -4.37575	-11.0476	47.4792	-10.3597	-14.9294	40.9272	48.291	14.7954	12.7065	15.9561	-35.2776	-1.2719	16.6711	-35.8757	14.2331	-43.6967	-27.6496	-37.7833	-26.078	19.8713	-24.1018	65.1843	1.48355	-40.9313	48.3227	65.1618	-14.9891	-10.3712	-29.4275	-11.1375	
Iter 29: 32.5996	4.9717	23.705	-21.4407	-26.9327	40.6047	37.7975	4.6979	14.9876	15.2748	-3.2355	-7.77943	4.1503	-40.7702	39.0441	-64.0254	-18.1476	-24.9194	-23.6307	8.52273	-32.7685	47.3319	6.46522	-31.702	48.943	25.8915	-4.19056	-52.9656	9.74488	-6.50406	
Iter 30: 0.933583	-14.1566	36.2984	-8.50856	-12.6682	19.0636	44.7557	-1.01087	6.97338	14.4929	-36.2157	-18.015	-14.5363	-46.7336	10.2804	-42.5076	-6.43141	-34.9376	-17.8865	6.7484	-8.14132	50.9432	-29.2745	-25.7317	51.0149	50.8033	-10.4035	-52.0601	-47.2692	-8.15493	
Iter 31: -5.05507	-2.17778	20.7275	0.245787	-2.56549	33.3633	53.3146	-8.12832	12.5254	27.108	-26.9665	-23.8929	-9.67173	-45.8018	32.1055	-48.9717	-31.6385	-43.2677	-35.4456	-6.35564	-34.6977	57.7322	-23.498	-26.3967	67.8806	50.276	-11.8353	-38.6661	-14.7506	-16.8704	
Iter 32: -16.68	-31.3885	35.7333	26.5494	-20.503	45.847	65.4945	11.8012	15.7791	-1.80252	-23.2389	-34.7128	-6.136	-54.5697	7.90765	-41.3055	-36.1699	-25.1488	-22.3331	6.33985	-4.47407	39.1526	-6.93322	-34.4954	51.0626	58.4077	-22.3633	-59.7075	-34.1963	-13.2701	
Iter 33: 14.9849	-17.5929	24.5322	-6.62561	-19.1091	32.517	46.9818	21.5473	2.01609	9.33473	-33.7522	-14.37	-11.3725	-37.1835	30.1039	-44.3858	-47.7274	-59.5656	-28.7154	3.2153	-23.0139	44.1697	-0.71216	-30.0377	35.8684	70.5764	-19.7565	-46.3473	-38.5691	-9.59803	
Iter 34: 15.3555	-29.3055	28.631	-4.92542	-13.8018	40.2825	55.4979	11.1776	20.0971	18.3065	-13.2848	-31.1208	-2.58319	-53.7845	18.3025	-37.317	-56.2567	-45.0922	-14.0681	16.751	-16.2301	41.6962	-15.0123	-37.6814	19.7328	62.634	-1.42153	-49.7718	-15.271	-5.83558	
Iter 35: -22.4998	-8.39183	54.3545	-6.16154	-17.8213	54.9336	34.7943	10.2425	15.3339	16.834	-6.72824	-31.8561	4.43657	-23.8142	32.908	-31.3801	-29.7006	-31.2201	-22.1534	6.26501	-32.3215	24.0294	-27.1994	-42.8215	55.4392	41.9331	-11.7577	-30.1817	-50.0084	-22.9067	
Iter 36: 8.21868	-30.9421	48.2264	31.8883	-5.53878	44.1911	69.3332	0.693478	20.1331	19.7603	-13.3006	-43.4259	14.3729	-47.6346	-4.96184	-40.2463	-26.9933	-22.3733	-39.9754	4.77329	-8.70843	37.2634	-9.72908	-53.9543	61.4577	28.3921	9.21385	-22.0328	-41.2782	-1.03715	
Iter 37: 9.0018	-16.1142	43.375	22.2809	-18.3348	28.5561	45.7095	16.514	15.9611	29.1499	-11.7709	-36.2486	-12.7491	-25.2648	15.2988	-22.7395	-39.9971	-38.8112	-30.8162	-0.496073	-33.9477	35.5377	-29.4498	-30.3656	25.7886	49.8549	-18.3012	-44.4773	-11.0589	-7.02076	
Iter 38: 32.8444	-27.8096	27.3843	-4.70783	-22.04	42.0805	38.6565	21.5179	24.7335	26.3877	-17.4049	-41.3044	1.88291	-44.7814	48.2764	-58.604	-30.7565	-31.6368	-50.3241	-1.21374	-15.0921	38.1128	-1.24842	-31.4106	30.9957	49.9974	10.911	-57.6841	-44.7337	-9.26671	
Iter 39: 6.35559	-10.4544	22.6404	-20.2464	-21.9945	60.6406	44.1913	19.1619	20.0371	4.73496	-14.9589	-40.3617	2.81312	-34.2664	13.5147	-65.898	-3.46281	-24.612	-23.4973	-16.9954	-32.8778	53.4325	6.14925	-25.5413	36.0374	38.7018	-0.410654	-60.9614	-37.0538	-7.34908	
Iter 40: 20.6723	8.47603	43.7029	6.3332	-26.0397	22.6538	47.0036	28.6835	6.24842	21.6357	-21.5721	-24.609	16.6074	-26.2909	-0.279164	-52.1677	-38.0679	-10.3722	-17.6121	5.00415	-24.1024	26.5241	-20.6852	-39.5341	31.124	40.8942	-19.4846	-49.4166	-22.3446	1.65505	
Iter 41: -10.8758	-18.046	52.1137	-3.91589	-43.9867	54.6228	59.6487	5.03413	20.2863	13.2843	-7.71913	-23.1993	5.96347	-37.0359	29.5664	-43.908	-51.7658	-45.5618	-6.07309	4.81626	-26.573	34.2614	6.18712	-64.4116	9.33399	38.6376	18.7878	-46.113	-38.3016	-18.0053	
Iter 42: -24.1083	0.593152	24.3954	2.20997	-19.8968	10.7506	66.8019	-7.82481	-11.0155	-2.97475	-43.3053	-27.3334	3.69401	-10.8841	-14.1704	-46.5332	-22.4476	-36.4294	-37.9622	3.05738	-20.2692	48.1155	8.88695	-23.064	55.0969	57.3157	-3.46266	-55.1206	-38.0596	-8.92934	
Iter 43: -10.3228	-25.4262	27.0355	1.60799	-20.8768	37.6282	40.7864	-9.83666	3.52082	39.0376	-14.8417	-20.041	11.373	-41.4678	28.3192	-37.6167	-33.7748	-59.3612	-26.2896	20.7064	-28.5454	45.099	-4.3632	-42.263	55.9801	44.1141	-5.71516	-30.9795	-18.8303	-17.4545	
Iter 44: -0.310131	-22.7773	52.3923	-3.31071	-11.1422	54.6432	63.0564	-7.25013	26.3824	11.7308	-15.713	-16.0657	14.8084	-26.9227	7.90355	-56.2381	-11.4298	-51.3695	-16.2455	10.5412	-4.89899	45.7827	-11.1536	-42.3374	19.4227	30.6047	-23.2563	-22.8005	-25.8306	-7.83585	
Iter 45: -1.73986	-26.83	25.8801	3.55156	-20.3302	51.1994	59.2448	5.89903	39.5829	7.93733	-25.5176	-43.8933	2.31146	-41.5878	18.2258	-64.3315	-19.3199	-36.1734	-34.7164	2.15379	-12.5104	39.5225	-14.2683	-39.6447	29.5976	45.378	-10.1316	-45.1578	-24.548	-11.4888	
Iter 46: -20.0413	-32.3952	15.3358	5.60328	-29.4627	35.7959	42.6252	17.4001	31.5847	10.1353	-26.573	-21.2471	0.736032	-13.0258	7.97289	-66.0398	-29.7602	-44.0595	-27.6817	-19.9803	-17.7421	48.4031	-13.3944	-35.3832	57.5927	34.5272	-4.45139	-49.1467	-15.9198	-14.4092	
Iter 47: -1.41559	3.83141	40.9878	6.27102	-23.4896	40.7208	54.5936	4.10357	10.5634	11.1725	-20.8201	-30.3953	-1.6127	-23.6489	0.383661	-26.4236	-15.9685	-53.3497	-18.5622	7.39886	-41.1447	43.7534	1.75362	-36.4845	57.8077	57.2291	-4.91632	-28.6023	-17.8163	-5.8868	
Iter 48: 1.85031	24.2692	37.1357	22.3619	5.38851	41.1757	43.7188	-5.41693	7.442	17.0432	-41.1944	-39.8727	8.01074	-52.3615	17.1836	-32.6527	-48.0778	-14.2231	-57.1368	8.5455	-40.8941	53.1489	7.05038	-36.146	53.6773	64.7967	-28.8103	-57.6513	-21.4847	-9.97745	
Iter 49: 2.8543	-39.9722	31.7624	-4.94634	-16.8988	30.5029	62.6468	-9.22689	9.71689	29.0182	-26.329	-15.4021	-6.37936	-24.3245	27.9109	-34.1238	-16.7389	-20.2998	-38.5934	4.4108	-22.2785	57.7992	-4.22549	-18.5495	37.7848	62.5132	10.009	-45.1219	-29.0786	-12.9498	
Iter 50: 8.70252	-18.2862	50.6242	6.97907	-16.2606	33.9241	44.2267	-7.37693	22.6924	11.1494	-4.25967	-27.9653	-6.91838	-33.3438	23.2572	-53.3675	-20.3059	0.10282	-22.964	-18.6051	-33.2515	49.2643	8.61902	-55.0499	31.9401	38.5436	-7.17927	-16.7108	-12.607	-9.57283	
Iter 51: -24.8277	-3.43818	26.175	-6.33812	-4.94333	46.5749	57.5043	9.03563	18.3888	17.9111	-25.7069	-23.5368	9.08696	-54.4602	31.0191	-41.1205	-17.2381	-50.4844	-40.7893	3.55718	-13.863	49.0481	-10.1497	-17.1025	45.3789	56.6322	-29.8874	-50.7912	12.0189	-23.0993	
Iter 52: 0.674623	-8.64246	30.2564	11.0667	-30.6734	21.5723	44.3815	-3.36865	20.599	8.09831	-23.88	-24.2213	-4.74546	-35.9559	26.7355	-27.0211	-42.5908	-27.7805	-34.6701	10.8358	-28.5244	50.208	-15.8108	-33.4063	47.3321	44.3214	-0.0823091	-48.41	-17.5845	-13.3076	
Iter 53: 3.59009	-20.9222	39.8963	6.49588	-33.942	47.5377	73.4111	0.412814	7.67561	18.1401	-26.317	-29.7422	13.7654	-36.2384	4.00196	-41.1143	-5.87138	-9.9241	-35.2763	7.52657	-20.2111	38.6691	-17.228	-36.525	43.4221	62.2389	-5.56369	-31.8169	-19.9	-5.33699	
Iter 54: 23.1216	-7.20449	28.4306	10.5193	-10.1655	55.7875	62.7162	15.0131	19.3087	21.1858	-15.7286	-26.6894	2.97803	-31.8429	-12.1994	-36.1451	-59.6348	-15.0244	-48.7835	-13.7826	-21.3403	80.0671	-2.47543	-35.9834	46.5888	42.2596	12.5109	-40.9444	-5.26132	6.13847	
Iter 55: -6.56356	2.74411	46.8965	-5.42151	-27.1937	52.5151	59.5072	20.7068	18.1942	15.0175	-30.4133	-18.86	-5.17871	-19.4576	10.5189	-45.9307	-26.2547	-39.5411	-36.2707	-4.25624	-24.2244	68.5684	-5.71588	-33.0745	23.7165	60.9753	-5.89857	-52.5455	-27.5261	-10.7144	
Iter 56: 4.75899	-19.4037	40.1784	22.6775	-14.2616	95.316	42.7699	10.2728	26.3605	9.13227	-16.6396	-49.942	-7.1247	-25.3042	2.64265	-31.0316	-26.212	-43.0768	-21.2768	4.93172	-27.8237	40.0608	-30.3785	-25.2912	36.9702	41.2016	19.173	-60.3247	-19.4271	-4.53117	
Iter 57: 22.6759	-14.3886	20.2435	22.7889	-25.5448	49.3231	52.0825	-14.941	3.48561	34.305	-27.1152	-11.1675	4.59672	-28.7514	17.3223	-22.3442	-40.4787	-45.152	-41.4698	-4.15942	-23.443	72.1075	33.9378	-21.1146	40.8474	54.0873	-10.9706	-50.0333	-15.613	-3.10563	
Iter 58: 8.98048	7.57133	52.9369	2.80307	-12.0645	60.7403	57.9784	7.05187	5.03174	21.8975	-11.3341	-18.1863	10.6945	-30.2398	16.5315	-49.4813	-29.1371	-30.1671	-16.3596	17.9543	-35.5174	45.9457	-4.82637	-43.6815	34.5576	33.5338	8.30271	-21.5299	-3.2141	-7.40599	
Iter 59: 5.15348	-10.895	46.8183	2.80441	-25.2722	62.6671	59.1814	7.2366	1.26202	6.16969	-7.69193	-28.3734	3.91313	-24.3135	3.10431	-35.8775	4.03322	-61.4967	-30.4421	17.3621	-25.4687	72.9454	3.99423	-15.581	60.6505	53.2271	3.19577	-70.8347	-31.1645	-4.55076	
Iter 60: 7.80111	-5.13118	26.9029	4.02421	-27.5063	52.4118	40.1555	-5.86531	26.254	31.9225	-4.28734	-1.44083	7.28499	-23.1945	-6.92455	-44.8336	-32.7725	-43.4754	-21.4741	5.47946	-25.959	67.9046	4.19471	-44.2325	43.3078	47.7061	-0.927185	-57.6436	-20.9729	-0.568333	

Best Xs Fitness
30915.7
19279.3
18872.4
14035.4
11814.1
15666.4
11799.9
18536.9
11414.6
18404.8
12705.1
15672.1
21561.5
24958.2
12479.6
16985.5
14293.4
18449.2
17837.7
23062
21166.8
16568.6
17906.5
14662
17980.5
16365
20019.9
13428
19401
17056.7
10413.1
14994.4
10340.8
15133.6
17618.1
21843.6
16441.6
10980.8
15836.4
23830.1
17483.7
24616.9
14698.3
21365.4
12972
17769.8
16822.1
14606.3
13033.8
18374
15098.5
13088.8
15409
21526.6
10564.4
19048.9
14965.4
18049.1
16446.5
18946
