13-Dec-2018-12_37_59
 - Ran 429.134238 sec, min 3717.13


Best Xs
Iter 01: 33.0467	-5.60336	17.9144	-46.6831	-33.8823	-35.8119	5.33292	1.16076	65.2189	-27.4143	-18.2133	-52.0346	-15.5885	0.205077	12.0773	-16.7038	31.3188	0.780065	19.6109	-20.5825	72.206	16.6293	-4.12764	-18.7059	35.9737	68.6989	-43.4938	-2.1546	-3.00378	-7.3673	
Iter 02: 5.32267	-2.24392	12.7822	-0.212332	-2.53255	3.51126	-18.3792	-27.8768	-9.04476	-22.6805	0.766937	18.058	-37.9485	-8.13482	34.345	11.1428	-12.8996	48.8963	-23.8717	37.8124	26.0786	11.1762	-3.63143	-12.8419	-30.7968	-2.48413	36.9073	-24.277	16.6508	-4.6238	
Iter 03: 1.57664	16.7946	14.6521	8.79544	10.0295	2.18175	-5.61567	-26.6487	4.2078	1.26111	22.3168	30.3661	5.52587	44.6694	-26.7999	19.6914	-8.717	36.2438	31.9159	-0.060735	19.7988	-22.4128	39.6546	0.487993	-33.8197	-17.9978	5.54043	-19.8441	7.47677	-4.86879	
Iter 04: 25.2345	-22.8698	44.7829	-37.4735	31.342	-42.6808	18.9125	40.1526	32.9367	-24.6773	-40.784	7.95526	4.25297	5.65799	-1.38067	-24.4754	-1.15591	48.5551	-6.05518	25.6928	-2.54957	-5.03568	3.78835	13.7923	1.29866	42.5397	23.142	8.61217	42.2948	-31.1758	
Iter 05: -2.90331	-20.1874	-10.3325	14.8811	-4.76546	24.0745	19.8597	3.8031	-30.4571	-20.5136	-14.7297	-17.7255	-28.1432	10.3629	-30.5899	1.82825	-6.24712	24.8756	-34.9701	17.7151	-38.1197	-7.65513	-5.87297	-18.8874	13.0019	0.729857	20.4779	-0.607459	19.7803	13.2741	
Iter 06: -13.4502	-9.69805	63.5254	-47.1532	48.6416	53.4579	52.1517	9.82721	-70.091	73.8362	7.35415	-7.07348	32.3921	-64.1769	-59.0683	-36.974	0.74527	79.0034	75.1036	24.8686	0.428394	17.2746	5.14515	7.68879	-74.0033	70.9889	23.9174	-71.9614	-55.6582	79.8495	
Iter 07: -9.57596	-9.18926	6.94385	64.4777	26.4634	-14.9626	-2.51145	-38.4347	4.85916	-8.3475	9.78838	-31.1957	24.1744	18.8509	-20.4459	22.009	-43.4915	13.0349	-2.96435	-23.7572	-9.05661	-33.6347	0.760561	-91.9737	30.0157	-22.8593	49.6587	48.8881	35.5922	-35.3759	
Iter 08: -10.059	-10.1005	16.3324	3.39396	24.5289	-6.65343	-17.072	3.08229	-18.9529	-38.6137	17.8243	1.69306	-7.341	40.2001	45.4756	3.61992	23.8574	32.2341	-10.6052	23.4879	-8.73897	-11.3739	-26.521	14.0373	23.8106	-33.1358	35.1837	2.19375	11.1523	3.50273	
Iter 09: 11.9716	0.488722	17.9293	-76.3582	-1.37087	-9.42397	-4.20483	5.48804	31.9167	25.8099	-8.75776	33.7741	11.9218	-4.76529	-39.4876	20.4787	63.3804	-50.5093	22.3024	11.4567	-1.34995	20.4471	-8.77634	5.12568	-16.7373	6.97255	32.8272	-28.8905	-8.9481	-11.4602	
Iter 10: -35.3287	-70.1096	-45.0558	-62.4509	-39.2813	-17.3227	63.2154	11.7207	71.7387	7.07908	-37.6147	-7.66045	-23.7263	-49.6591	-37.4871	-86.5369	11.4488	4.69075	-21.4861	54.5565	15.6267	76.3413	21.5768	-3.82096	-20.1224	-8.79373	63.2393	35.3306	20.143	-23.6365	
Iter 11: 42.4749	18.5839	25.6505	-25.5085	-18.8976	20.2078	-5.04017	-53.9527	25.8144	-52.5196	64.8948	-9.31912	-50.8562	33.4784	-12.6654	48.1008	12.6937	73.469	-13.2531	23.5207	-14.0698	-37.9443	-16.1952	19.6413	30.7204	-36.311	36.2893	-37.67	14.9887	-27.7488	
Iter 12: 6.79423	-19.1141	-20.3721	-7.94268	-18.74	12.178	-34.4926	2.33283	-40.8035	-22.0571	-10.8804	-29.7441	24.4497	40.6565	-22.8485	31.9943	-14.6769	44.53	-3.37364	-18.6069	-0.891132	-1.19543	-12.5649	-23.7194	-3.43604	12.7498	9.40144	44.5531	45.5548	-6.26509	
Iter 13: 70.0553	49.7527	67.4754	-31.1562	-24.7321	3.23476	-72.5169	78.2775	-5.30506	-23.3674	-41.2897	38.6149	-43.1257	14.2233	-28.3368	-48.1601	-15.9209	80.2512	69.5385	-3.80726	-5.00991	-50.6789	50.7975	-12.6484	-6.9014	23.8246	-15.3207	-37.8121	-6.14492	-6.65583	
Iter 14: -103.355	-16.7041	-51.9257	44.1535	-18.6095	7.43374	60.0481	41.0974	24.7045	-85.8266	30.1799	85.6168	-109.056	91.16	-83.0525	38.43	66.736	-24.656	-8.86433	55.4732	-90.3593	38.9734	-24.3861	105.784	-40.6689	94.9155	-14.0094	70.864	-6.62242	-105.98	
Iter 15: -2.96786	-3.72186	20.1022	16.4942	-2.59207	20.7056	-14.3547	12.2257	-23.1573	18.9454	14.5167	13.5406	-18.5738	-18.159	17.0288	-7.57727	-3.00003	38.3077	-3.35244	26.1746	-25.6532	5.13585	-38.0121	-14.0342	22.1909	26.0344	22.2239	3.61166	18.6082	-23.0826	
Iter 16: 32.1251	8.61062	18.8423	15.1353	-26.0747	0.266049	-6.24743	25.2683	11.3629	-14.9398	0.879752	26.4401	54.1104	-4.86374	11.4621	1.86173	-16.4504	-9.64291	-20.7937	-24.7418	24.6085	8.19306	-19.243	-9.54027	-40.3255	-35.9225	-12.3815	-6.0941	-21.7008	9.5719	
Iter 17: 2.77967	-39.0563	38.0148	41.716	-29.268	-23.4919	-6.66834	-14.5684	-35.2176	-38.8247	-15.6402	-0.658394	20.5699	-5.0382	24.8379	-31.8104	9.17037	32.6758	-4.09547	11.1747	23.0081	-28.0826	16.2205	-6.46746	23.459	18.0647	30.4878	-18.1892	-7.12224	-8.96646	
Iter 18: 0.757884	-10.3277	-8.15434	54.3038	-9.42588	-26.5557	38.2683	51.234	-50.719	48.7442	-18.2739	-15.5748	-27.9973	-49.5577	33.4885	-15.5734	-23.8748	60.466	-26.5506	16.2872	28.6473	-26.8162	-26.3268	-19.2426	4.48268	11.3297	16.9475	18.4612	15.6964	-14.7039	
Iter 19: -3.17889	33.7784	-7.99108	94.6234	25.4746	6.69704	-3.02666	-37.7718	-4.89098	-0.454489	39.0194	8.55296	36.5814	-35.1101	45.5058	50.5817	24.2152	-3.78125	-46.4885	80.8232	40.0926	85.0793	-42.4782	19.7194	15.3341	-22.4568	17.6235	-12.2846	-39.5797	-36.7781	
Iter 20: -9.99215	16.2161	-12.7285	14.6488	11.502	-1.36148	-27.4096	-29.0279	26.481	-1.77733	-34.6716	64.9106	-14.3553	9.30928	44.6732	20.1917	1.84229	-28.1271	0.505186	42.1387	-23.9248	33.1551	-19.5675	-11.6065	-23.4283	-7.98834	17.9348	-25.3588	-34.7069	3.3205	
Iter 21: 63.8102	-3.39485	39.3435	-23.4575	-12.489	46.2414	15.2332	31.2069	43.429	-58.6801	34.3431	15.5589	0.769757	-52.0475	24.1971	-71.4381	40.5829	35.1013	2.93415	58.5814	39.741	60.4163	-64.641	-68.444	-51.509	1.06675	4.89589	-45.4564	-7.34646	-56.9365	
Iter 22: -59.1931	18.5686	22.1091	10.0766	-23.614	19.0286	1.60131	-27.4576	-20.056	-20.4731	29.8989	-36.0597	-58.0074	29.8752	-12.7916	-14.3016	10.6337	-17.0293	-35.056	53.9392	18.5688	9.41298	34.5641	-39.2883	35.4219	23.03	49.4011	5.14482	34.1767	41.7647	
Iter 23: -32.4016	0.689107	6.75794	-3.6609	-10.7106	4.54702	-11.1249	1.76095	-27.6185	-24.5741	-31.2653	22.1182	48.8323	-11.8403	39.6545	-30.38	-27.9955	21.1167	-13.3862	2.69787	-27.4448	13.2672	17.4371	6.47965	3.00457	8.40913	30.3675	-31.1702	-15.5894	-32.459	
Iter 24: 16.5036	-14.8883	14.2347	-13.0845	9.23133	14.6043	-9.85552	6.37497	-30.3423	-18.859	-28.3416	-16.4729	-13.0701	17.4348	24.841	10.4611	14.5754	33.7864	-31.4363	27.0506	22.0862	6.79006	1.49479	-0.969086	-16.0554	7.32014	0.197009	-11.8538	36.8557	-26.1002	
Iter 25: 5.68625	-32.4399	21.9251	46.3887	-3.84891	-22.5365	23.6101	30.8799	24.1093	69.2817	-14.7754	43.2363	60.286	-73.7212	2.39279	-24.2317	-10.6259	-6.39016	75.562	-19.1807	7.51192	-36.9512	62.6602	-28.6859	-55.45	29.9749	-52.7073	-10.1395	0.615232	-40.3538	
Iter 26: 17.0466	16.4502	27.6682	-2.1549	-19.3226	-8.96398	-19.5231	6.89953	0.355896	43.3886	-9.87396	16.6995	-8.69596	15.0627	26.7376	-36.4907	-19.7946	26.1872	24.5304	-0.828619	-1.79927	-16.8976	-17.5183	16.8304	8.4962	-23.1737	29.5468	17.4078	21.3775	-9.31092	
Iter 27: 2.86424	22.1263	-12.709	21.0061	8.92127	-23.0098	-9.58538	-10.9463	-22.7723	9.80039	-5.31247	8.16327	-40.1718	-14.84	22.5826	-8.96714	-8.46239	28.9088	-3.27069	46.4783	22.7082	11.9532	35.4547	5.71038	1.24019	23.0231	22.9734	-11.9566	8.60229	31.1257	
Iter 28: 10.7425	15.8262	-29.283	-9.05205	-8.19301	-8.99345	-12.9173	-10.7951	27.7659	16.7419	-48.4483	-8.00874	34.7515	-14.5397	14.3767	49.3827	0.903228	46.2928	-41.7805	4.20045	-34.1008	-16.501	-19.4819	3.6406	-26.7257	-5.38984	27.6208	-16.979	5.28954	56.1255	
Iter 29: -5.47697	-3.79799	26.8587	-13.1526	-2.65456	-2.14335	-27.5484	-13.8411	4.74139	-33.0894	9.03321	-14.1896	-0.830823	7.86384	27.2757	-10.037	12.1811	32.6061	-12.194	32.2708	-23.9304	-61.6502	-22.1665	44.0785	1.17014	29.1621	7.00254	-20.9557	26.4072	19.7443	
Iter 30: 13.4431	-23.731	8.43902	9.42026	17.4292	11.2738	-72.754	8.39573	-10.8314	-9.29203	-71.9304	4.78099	15.7815	25.8636	10.2382	40.1252	-14.1691	80.0947	-24.4107	-67.8959	-11.8637	20.1628	52.547	33.2426	72.7587	13.8594	9.23577	-19.2948	-7.73309	-47.7492	
Iter 31: 20.9021	-39.4117	67.8479	-31.349	11.884	39.0649	-5.01269	29.8705	38.883	10.3529	-23.7212	4.80493	31.3214	12.0263	25.1939	-31.8605	1.49547	31.0613	45.4709	-18.5813	-8.56825	22.5287	15.9161	-16.9566	36.7191	-29.4493	25.6775	4.83772	-4.33531	10.8033	
Iter 32: 43.3638	-35.0598	51.3309	-4.76006	-24.0828	-27.4405	-15.1517	3.97347	-6.134	8.77488	14.6046	42.8024	-9.5487	34.1492	-4.3107	-34.4654	12.3531	45.0483	22.8332	43.0965	8.4904	17.2654	12.1608	-5.84289	-4.56568	-22.7465	20.9564	16.5108	-20.8592	-35.3684	
Iter 33: 2.38881	18.1246	-9.25305	5.11448	-27.1412	4.51181	5.62425	2.3248	-40.5024	-40.3707	-15.169	-23.3785	5.12411	1.159	-21.9721	37.5537	-9.57601	32.1529	-25.2734	25.1632	14.1286	-19.7077	4.68115	29.1532	-5.16263	11.4242	-28.6025	6.81442	26.6139	-13.2834	
Iter 34: -21.1855	-5.24469	11.0061	8.49657	-26.0394	24.6383	-14.0328	-59.2539	-60.0035	-42.9599	3.6192	38.2267	-18.6241	-37.5885	42.9279	-10.132	19.6777	-5.47427	-27.1605	24.3908	10.7394	-22.725	-0.962875	-17.7495	40.7738	-27.1315	26.077	10.4531	-34.996	-10.5821	
Iter 35: -36.6564	-29.6502	-0.107833	16.5081	8.79814	16.3937	-1.10136	-0.521088	-60.1304	-0.759729	21.4328	-12.0344	9.95355	48.085	27.8888	6.71887	33.5743	15.2533	24.4469	-35.2272	-52.8668	0.869189	14.6882	-25.6473	-39.9574	-11.9558	0.827698	52.2769	30.7855	-25.478	
Iter 36: 69.3758	-0.530595	-12.2901	7.93536	52.3329	1.8019	-32.1435	30.6164	35.5342	-54.5867	62.1168	1.49011	7.44947	-39.2169	-2.33686	-47.9956	-34.6954	16.7004	-12.7591	-14.5782	-40.1021	-11.2891	30.7792	-56.1163	26.5489	-6.99732	-74.089	-17.8907	54.6156	-17.1484	
Iter 37: 26.1594	3.6672	11.3374	-17.4819	-8.45196	44.5137	14.4058	3.61602	4.98752	18.0594	5.87394	9.00391	11.5983	-14.7843	24.2091	65.7901	-32.2522	-9.51953	-33.0194	49.8307	-37.9948	10.1242	-83.3006	-30.3299	-17.3878	4.53822	5.1787	27.5777	16.6529	18.1673	
Iter 38: 4.02822	31.2788	14.0796	7.12648	-29.0423	-10.2046	-14.8765	5.43501	-24.6105	-19.0502	-8.61313	-33.7043	-23.2126	43.491	6.93864	3.41103	15.7257	-31.3746	-19.2522	11.647	10.5257	-7.2598	25.9388	17.347	-26.2	18.4181	8.74789	6.87633	15.4955	-14.3453	
Iter 39: 23.7528	-13.975	7.01348	-71.3794	-11.4136	-44.2178	-2.16501	18.4402	7.40206	0.392637	26.463	4.54948	-13.2193	17.823	-47.3614	66.5868	-4.65583	-0.287468	27.8912	56.8983	51.2812	-38.055	-1.67012	-20.411	-80.7659	52.1532	-44.3388	29.4689	-73.1858	-68.1309	
Iter 40: 6.39105	34.589	19.9152	7.83462	-6.7105	-19.1322	38.2088	3.28715	5.37611	-22.5637	-38.1567	24.9855	-26.5008	-10.1865	-8.82279	-3.57084	-23.319	22.9059	17.9743	3.14774	-11.4578	-51.4599	23.8744	-0.42062	15.6989	16.6969	19.8022	-19.0733	-3.37841	-14.8654	
Iter 41: 26.0372	-21.0089	-2.43088	13.1807	1.46773	23.8821	-9.41279	-39.4572	8.47886	-2.94082	-28.8758	-19.0864	6.0499	43.8431	43.0581	27.105	32.1755	24.7675	20.6025	15.305	22.8273	-17.8593	-11.5655	-7.66612	19.9855	-1.30372	4.00316	-28.3138	-21.9952	-18.6885	
Iter 42: -6.54118	-21.5078	32.1765	19.9651	32.8162	39.4338	-2.44821	10.5408	37.0119	0.714621	-32.0838	-2.93644	-22.8627	18.0877	44.9083	-6.33789	-1.70454	29.6118	34.9072	15.3273	-8.00113	11.9016	0.935699	-24.1093	9.53612	-5.80562	14.3228	19.5358	11.5033	-13.5017	
Iter 43: -13.5856	7.19267	10.7324	-14.1197	-29.4403	22.1734	-5.63536	66.1738	9.07253	-28.2688	2.91129	87.2652	15.3257	-3.25631	13.436	-43.5695	-0.848214	31.5755	0.887546	3.36561	-28.2457	-38.8839	-7.59625	-20.483	2.82801	17.9965	76.8363	2.92345	89.2067	-15.9111	
Iter 44: -2.21883	-11.6364	-5.87792	22.9406	-32.4439	-19.4236	0.182027	7.76768	-22.2609	-2.62867	-34.962	36.348	-7.94112	-15.724	32.0313	0.265202	9.64814	45.4453	4.4701	32.9583	4.59422	-16.4994	0.133816	10.7425	5.86301	0.854212	-7.55411	7.53222	13.6026	-15.0244	
Iter 45: -20.9059	10.6726	-5.49567	18.4991	-39.5004	-26.4596	-7.26938	-3.85376	80.8283	-39.6759	-45.5093	67.0112	2.70005	-3.27671	11.6733	14.3105	17.2231	-6.22179	-25.4578	-13.1739	26.973	-9.35952	-3.23038	3.61182	38.5904	10.4366	11.8342	0.603321	-7.59374	-7.47663	
Iter 46: -4.28966	6.24759	-6.04716	2.11939	-71.1284	5.55223	10.1932	-5.04321	-84.9604	-49.1542	37.5287	16.7987	-29.2287	31.9168	2.40689	47.2463	19.4852	-15.2372	-56.8568	35.2604	8.13366	50.8434	-21.14	5.52241	-32.7664	40.1757	66.7153	-11.0531	24.9788	37.588	
Iter 47: 8.98591	44.4143	-2.7322	42.3822	-16.935	53.7053	-25.8231	-30.1306	-21.5951	-18.8594	-35.2117	-32.3018	42.194	89.1757	64.9381	-54.4794	6.32315	31.4871	9.80335	4.10419	82.7164	-41.8835	-18.0075	59.7185	8.27449	16.7617	24.0873	-42.2315	-2.80698	-18.1447	
Iter 48: 24.653	75.9024	-56.7566	11.3711	-26.1716	10.1514	-9.55458	35.3252	-3.80842	-24.271	-38.1618	-24.0888	39.9443	19.6975	-44.6323	16.2794	-8.405	35.6974	21.6069	-11.5856	24.8195	-17.6392	-1.33378	-7.61951	15.807	18.3945	12.839	-30.43	-4.12381	-22.056	
Iter 49: -21.3163	-15.7782	10.2112	-2.74701	39.4419	-30.2115	-7.85853	-6.6161	-9.24104	-7.47887	14.9931	-10.565	-7.45858	-5.3578	13.9718	12.1146	10.8972	15.2873	8.90606	0.808466	-29.7291	17.9705	-24.4216	-16.7066	3.98109	10.4188	5.69122	18.2388	-25.1699	11.5671	
Iter 50: -33.2059	8.29254	-12.7019	10.4025	17.0408	-31.0778	-8.97752	-4.36684	-9.32713	20.5312	22.2159	-10.8673	43.0916	-1.5094	44.7437	42.8513	0.745833	13.3453	-25.864	15.9746	18.4238	34.0529	-18.9395	-39.4192	35.6536	-4.30451	-22.4603	15.498	32.1695	-2.95299	
Iter 51: -8.30701	30.9913	22.1829	-5.53754	-6.41649	40.2119	-19.6733	4.61939	22.9467	-1.30955	-14.542	17.6075	-29.9016	-4.38952	-27.5909	-17.4648	-24.5525	17.7738	-18.1101	26.6314	-3.58492	1.08106	-27.3986	-16.2489	20.1999	13.7664	-14.1694	12.3949	-15.9199	-25.2279	
Iter 52: -24.336	51.0668	15.1017	21.2556	-29.6811	-41.7071	39.6875	-17.6383	18.8634	-10.4992	-46.7223	8.20975	-10.7894	14.8936	-0.791744	-41.3922	7.1097	31.5857	-45.1053	35.7149	51.2421	18.2679	-11.7154	7.09631	50.5387	61.5275	-17.284	41.9655	-21.6886	-5.1058	
Iter 53: -5.30888	6.52616	21.4317	22.5167	10.6895	-28.4143	18.557	0.493839	11.6462	-23.5163	-14.9461	-19.791	-15.4198	0.0945237	0.338282	13.4807	4.27612	9.53532	-8.18708	14.4612	-14.5796	-37.6775	-16.6325	12.3572	-23.5557	37.181	10.2994	-8.79332	-7.26893	-9.12448	
Iter 54: 11.7841	-4.95164	49.9277	1.39594	3.31503	-41.8088	2.97206	-7.60915	1.72462	4.63408	-6.67489	2.64748	-0.696465	6.52385	31.6464	8.01333	-2.56705	32.749	3.31436	39.6085	9.13637	7.38835	22.541	7.40465	-3.66608	4.93406	39.9535	-15.3062	-4.63464	-5.50011	
Iter 55: 49.8216	5.1671	-44.5404	-9.34987	14.3428	13.4871	-59.7228	7.81733	-48.1089	11.3869	6.0551	-54.5379	-1.01783	17.8907	-72.1891	101.554	-14.8943	116.969	-37.4809	41.964	-9.42782	30.6665	-66.6539	19.6078	-33.6418	-7.00982	44.3946	66.5605	1.20694	-29.4009	
Iter 56: -6.93242	36.4551	17.3574	-29.063	-11.7935	5.58824	-23.7581	-36.3708	-21.5179	-3.57346	-11.9129	41.7016	-18.4446	-27.2339	24.4025	-15.3985	-12.0494	-19.2943	-31.5262	37.5354	-29.261	7.30138	-47.7841	-31.4874	-21.6444	2.05932	15.6409	20.359	52.3251	-32.2736	
Iter 57: -8.8717	12.8712	69.3479	48.9447	-45.3634	13.0419	-23.8947	-5.01096	24.5975	-86.0886	-45.4145	45.8777	62.3128	17.4243	6.94129	21.5782	-0.269103	14.0689	-3.16307	24.9921	-6.53912	-3.93025	-24.1187	6.46161	5.40231	17.2982	1.96415	-14.3478	-41.8551	36.5077	
Iter 58: 6.70695	24.0989	-14.1873	3.82058	3.08373	18.1444	-3.92451	10.3037	38.7851	-2.56167	8.96465	29.5503	36.3495	18.3863	0.425348	2.1648	-0.783509	45.4711	-8.97889	-9.861	44.6258	-11.737	-21.4161	-11.65	-26.9664	-28.7136	39.5409	-15.5437	21.6872	-13.8459	
Iter 59: 40.0282	-43.0273	-22.9184	-7.72666	-15.4142	28.0141	-8.9578	38.1354	-25.2204	1.11599	14.6626	7.14982	-34.7297	-26.4903	55.2439	-1.47199	-50.2838	82.5317	36.5837	-95.0471	27.1812	12.9202	-34.9816	14.9653	-20.6621	89.4714	-14.7234	-32.4387	-29.9198	-29.6327	
Iter 60: 8.02216	3.19427	16.5447	17.0216	-7.94031	-6.33176	0.422465	-16.1949	1.95237	-28.9223	-38.1144	18.9218	4.29709	-1.91032	-18.7993	-14.4482	-6.46374	20.3582	3.44847	14.1025	3.13126	-17.2942	-11.0017	-3.98929	-9.68879	21.0254	-12.5523	-20.7291	-12.7071	-35.3709	

Best Xs Fitness
7841.07
5530.43
7584.6
7674.26
7808.82
7429.67
7654.24
7361.84
7272.47
7078.91
7163.02
6994.05
7505.4
8066.39
6641.27
7548.15
7342.5
7186.6
8088.62
4749.45
8063.18
8036.1
7669.84
7016.69
8151.96
6867.13
3717.13
7466.3
4540.32
7672.22
4830.44
6917.39
7510.49
5882.61
8045.18
8245.25
7904.15
7849.54
7809.19
7934.23
4142.67
7338.26
7473.86
3784
7616.27
7455.11
7593.79
7873.29
6658.3
7586.91
7973.63
7454.67
5977.01
6012.95
7589.85
7474.22
7340.76
7345.03
7978.66
4438.96
