13-Dec-2018-18_03_38
 - Ran 704.825571 sec, min 3813.41


Best Xs
Iter 01: -91.679	-27.5595	66.7102	157.761	-14.1268	-75.5376	59.6948	-37.4575	-230.101	87.1618	-46.9948	243.688	-93.8699	461.227	-2.45508	19.522	32.4555	55.7016	-267.227	38.4207	-60.6562	17.7916	-294.341	57.8953	17.4371	-75.0188	-360.183	-39.8025	17.6541	194.178	
Iter 02: -53.6831	66.2151	123.648	87.4314	4.33348	-32.7763	94.4625	-13.8679	-57.7565	91.9004	57.0681	93.6693	-62.5846	195.534	-66.999	-8.77559	-26.1909	-30.7639	-12.0269	-32.4638	29.9433	-24.5203	-46.6758	45.0742	-14.8975	57.276	-145.127	22.5658	7.64256	49.5449	
Iter 03: -215.952	43.9199	116.806	158.213	-190.013	80.4597	-94.5532	-217.587	-256.407	121.839	38.9937	-1.23691	-402.472	191.986	111.178	-39.1559	140.402	-143.858	-54.1288	-80.2712	51.27	-26.8153	-168.353	-49.0455	207.884	-72.9706	-99.9301	41.8132	-22.3485	82.4724	
Iter 04: 68.5899	-26.6083	273.165	3.15221	184.473	-303.646	263.589	-27.9273	-130.584	-122.063	-181.598	-27.9237	-62.6239	-71.5471	-289.13	87.4061	-29.3707	-285.114	-285.138	-210.821	191.546	-58.3981	-202.153	-111.118	66.8433	-51.9854	-166.319	122.297	-89.7539	178.213	
Iter 05: -192.936	65.9229	174.215	32.9637	-115.79	-18.6467	306.416	-56.413	115.734	-65.5161	87.1092	124.63	-27.5737	175.468	-51.7887	2.93187	-26.9502	56.9057	30.5371	19.9336	40.8438	-11.6877	-45.4537	77.6623	-10.2176	46.6627	-149.419	-37.5894	48.1122	50.2064	
Iter 06: 14.4953	-36.96	108.33	90.7059	48.6599	-89.859	-147.548	85.6528	117.018	144.902	-163.992	-10.7706	-72.447	518.054	-19.8262	47.8084	128.748	3.02812	148.433	-105.081	-256.622	69.5764	-274.645	71.3004	-1.23267	15.715	-219.351	243.576	-217.662	194.232	
Iter 07: 25.4743	65.6697	83.1131	75.4489	50.5503	-20.2316	82.9902	-18.8115	-76.8855	49.4002	52.3644	65.9364	-12.4039	66.4464	22.165	-42.4193	47.4184	-77.7911	25.4291	-20.9802	48.7081	-3.91344	-80.2726	-4.89101	-8.34283	54.4086	-90.0349	-45.465	79.2741	50.2171	
Iter 08: -36.6987	7.53629	153.405	-166.142	25.3941	-121.809	146.273	80.4877	-148.708	121.951	83.0067	76.1703	-253.997	51.1608	-243.596	130.496	77.1688	-320.427	14.9563	-171.004	105.476	10.5832	-232.153	-176.407	437.162	297.297	-153.79	-118.945	83.6795	115.436	
Iter 09: -70.5182	8.1122	83.1682	289.944	-0.647411	-79.4212	16.9745	223.429	383.647	-101.155	-179.051	-164.523	115.35	289.622	163.283	-86.3259	162.064	-99.772	458.417	-81.5498	84.6648	13.7627	-362.868	-25.6406	154.532	-267.158	-180.466	83.3277	-66.678	184.369	
Iter 10: -149.045	20.8965	426.548	98.0476	-119.237	27.5655	289.314	-28.8706	-57.8989	-79.0363	-231.103	-46.9563	-230.373	-25.8841	232.706	-140.101	45.22	-39.2347	147.46	-36.2649	132.607	-49.782	368.924	27.7275	318.144	28.5039	-130.981	84.9651	-49.0167	87.0932	
Iter 11: -28.6564	135.603	356.478	291.424	-140.972	175.541	-178.861	-82.3052	179.445	262.308	-130.299	72.1253	-29.6331	239.423	120.626	5.31631	-116.419	43.724	-455.401	-94.7935	-59.8993	229.999	228.836	45.7268	-39.4869	-137.756	-1.90623	67.9575	-145.061	-36.0629	
Iter 12: 34.712	136.968	252.966	5.65678	-172.405	242.455	-139.172	251.709	-244.302	91.5432	-91.0719	261.283	-32.2257	-21.3621	281.584	-134.464	19.5763	106.03	73.7532	-99.0522	289.834	136.426	64.3008	148.166	-44.2935	161.928	-63.7206	411.753	-367.637	-143.455	
Iter 13: -21.931	66.285	71.7891	8.53644	-29.4965	13.1316	79.3496	12.4337	-54.1447	53.0089	38.8302	69.5922	-7.7829	61.1002	73.2444	-36.9918	-16.8815	-7.5426	17.7794	1.02413	41.0459	-44.4909	-50.1481	54.4424	-44.8113	78.1309	-72.1223	-31.0243	70.6963	49.3711	
Iter 14: -274.934	51.3421	-19.4625	-129.19	-328.875	274.061	12.5686	-52.9721	200.734	245.94	54.3304	309.095	-407.611	29.94	252.337	-87.0117	91.1583	21.2013	77.8349	21.8744	36.2699	-26.3404	118.508	58.758	21.5003	83.8214	-68.3488	48.7861	-12.6256	70.9164	
Iter 15: -90.8241	65.7649	349.185	267.229	-24.6987	-112.933	148.482	-22.2008	-198.866	-62.0599	21.3473	23.7398	-108.101	30.1321	-47.987	-45.3226	121.028	-70.6548	-32.6182	-46.1074	-124.773	-1.12346	-84.5273	3.05243	77.2305	24.4301	19.4538	14.5588	12.8607	49.8934	
Iter 16: 263.756	-51.8536	323.827	-75.065	322.878	-219.311	-331.633	150.341	-2.32399	166.735	-298.292	-63.3943	211.915	35.2058	-99.2493	111.523	-155.758	-191.747	-230.938	-234.478	56.6002	194.945	73.9404	-56.87	358.254	11.1861	87.4444	160.654	-190.11	184.451	
Iter 17: -146.452	82.9154	76.8781	74.2066	-133.457	-25.4731	-212.547	-6.21656	-357.99	120.194	-337.047	84.1782	49.592	152.325	-209.727	103.284	-0.285773	-179.251	-61.74	-137.361	262.225	-2.18989	-314.744	-89.496	257.426	77.7697	-156.517	23.6317	-44.6835	13.2009	
Iter 18: -10.2531	51.9031	190.94	206.789	43.233	-157.827	75.7269	-247.927	-329.869	-200.01	109.339	87.7423	-300.549	195.935	21.0945	-81.334	170.872	-199.47	93.2596	-174.668	57.1283	77.7977	3.93159	-92.441	253.6	-46.9823	6.1406	13.2446	-49.532	73.5022	
Iter 19: -140.918	62.6827	186.172	246.771	-131.067	-39.4011	222.442	11.1703	-121.458	-101.09	-69.6417	-96.6117	-184.67	288.8	34.789	-68.3482	193.728	-83.1629	53.451	-80.6446	-11.6803	66.3473	-40.0297	-13.117	69.9874	22.9852	-278.509	7.89645	-43.5609	54.7321	
Iter 20: -26.4887	65.6333	92.9299	115.075	-26.0733	16.2742	33.1703	42.3759	-75.5387	44.8071	3.87233	12.8838	-27.4953	80.9975	53.1753	-65.6452	-69.8696	-91.7329	-58.0526	-3.04957	18.0923	-52.3886	-27.8976	-66.2873	-27.4381	72.7105	-135.287	-71.0974	72.5293	50.2345	
Iter 21: 9.58382	76.8784	-269.749	70.6153	-41.0279	13.8413	-298.893	-47.244	-161.006	87.9662	-212.119	458.744	-47.5845	92.2893	-49.1997	7.72842	-159.207	-489.593	55.3078	-303.282	72.0339	-65.3878	-23.3732	-280.17	80.8192	-54.1678	-5.68952	14.1125	-11.569	20.4567	
Iter 22: -44.8558	65.7758	94.9744	87.8086	-25.5457	-23.8308	97.6731	0.259296	-68.2492	41.2896	42.2297	53.6568	15.0504	39.752	-8.41326	-24.6686	-27.0743	-47.1635	46.9194	-33.0486	49.0373	16.8462	-72.3847	29.6762	-39.3144	56.4161	-20.083	6.27891	42.31	50.095	
Iter 23: -29.7516	-0.142019	252.648	18.1014	41.7107	-156.994	-192.822	144.7	153.179	109.905	-107.658	31.7125	-49.5359	167.213	-195.211	104.148	-8.84528	-240.843	-231.582	-157.255	143.315	-205.805	-153.769	-75.4415	-11.8432	148.446	-329.382	274.773	-165.456	142.618	
Iter 24: -89.1174	97.0011	125.878	-91.7909	-145.023	8.95075	40.2449	-284.588	-319.074	-148.287	23.9143	304.945	-420.445	102.71	62.0962	-91.1681	74.4294	-181.926	-57.0516	-104.995	-246.065	-173.897	-164.758	-58.6628	-28.0198	-108.687	-290.849	174.99	-95.4222	-40.9349	
Iter 25: -53.8916	63.359	207.72	118.642	-92.5053	88.1318	304.281	250.261	65.8658	330.034	-151.535	149.276	-49.2794	275.087	-111.953	92.6663	130.785	68.2119	157.21	149.361	-135.023	-157.059	-246.047	48.6784	-192.213	142.729	-48.087	-111.496	115.594	55.6802	
Iter 26: -84.421	65.2595	63.2353	93.5398	-2.88307	-14.6389	-0.705976	-34.3698	-74.9659	86.6517	70.3662	63.7549	-22.1109	100.205	-34.1389	-20.5153	-31.5658	-63.4074	-24.5176	-3.55845	41.3246	4.5843	-127.134	-18.0434	-17.8829	45.3381	-55.4269	-21.1208	37.944	51.1548	
Iter 27: 2.9988	153.489	531.676	-108.115	-89.0227	52.1924	46.3602	-127.994	-267.195	-12.9785	-41.1439	165.465	200.329	275.82	-19.4965	-24.1413	149.566	-16.7202	182.364	-60.0434	274.33	32.7542	-67.3777	36.9172	39.2715	-82.1535	-318.518	154.502	-124.658	-117.185	
Iter 28: 1.12266	65.8758	71.3784	106.48	-1.64059	-24.038	98.4823	-47.2931	-128.386	78.1142	72.873	54.4889	-7.38063	52.4404	62.9765	-40.1614	15.2611	26.8134	7.55555	17.7008	55.5317	-10.9863	-53.7581	58.4608	-4.71458	35.9769	-114.259	-52.5142	55.2926	50.0281	
Iter 29: -45.7533	65.8178	84.7272	37.3553	-80.2477	49.3627	66.7958	-5.77564	-31.0996	43.3923	48.3996	79.3639	-78.7748	31.4987	-31.5934	-16.8043	34.4017	-20.0267	2.99904	41.7677	33.1357	34.9898	-41.6208	25.7479	-18.9333	69.203	-86.4908	-41.5997	59.0135	50.116	
Iter 30: 105.945	88.6739	304.485	304.889	99.6867	-57.5555	246.317	-250.523	38.4773	40.2826	-55.6543	185.382	66.4273	113.382	8.42046	14.6089	-56.9075	-226.554	141.949	-56.8228	-126.841	-305.826	-172.364	-108.309	98.2443	-175.09	-214.158	37.9439	30.902	21.1784	
Iter 31: -107.011	62.5792	26.9605	287.885	-56.4878	-54.8222	-197.631	168.865	-216.725	163.795	-227.633	-216.56	-77.2624	168.004	-186.765	73.6755	45.0953	-288.013	-129.75	-159.027	48.1125	-129.67	-171.133	-119.795	61.0136	81.1874	-101.846	78.716	-26.6863	55.9806	
Iter 32: 200.228	-45.3628	243.054	155.93	410.43	-357.477	301.207	-168.978	-88.3888	37.3167	372.44	139.956	-93.5113	182.093	-84.073	90.7803	-162.133	-115.936	135.003	-51.4415	295.254	142.397	-146.295	-76.2083	-14.7038	-72.9784	202.987	-250.183	128.29	420.923	
Iter 33: 68.2744	-62.707	-25.5206	30.4117	103.982	21.1867	292.427	-21.1457	106.813	216.694	-27.6894	249.202	34.9112	79.9383	253.263	-16.3654	142.504	-447.117	172.981	-288.289	38.3947	-189.447	-311.002	-186.779	-71.3328	-68.3374	96.9532	241.976	-135.01	202.53	
Iter 34: -160.565	46.4692	83.4453	275.944	-85.3684	-156.507	241.847	80.5332	-77.3267	-51.7281	-133.643	10.1236	-205.152	22.6842	-132.923	-4.36297	-13.2335	130.071	-63.3135	132.185	-65.4196	42.8369	-210.821	75.365	186.734	68.0595	-255.711	-150.866	110.916	79.5682	
Iter 35: -24.0606	40.9969	234.981	74.7473	33.2082	-142.091	130.211	56.6956	207.65	-264.566	-109.033	44.8651	-7.39614	376.959	113.177	-103.792	-358.773	-155.01	-125.718	-142.844	23.9441	2.68596	-115.047	-39.5957	-42.2588	6.99936	-209.469	223.55	-162.008	90.5796	
Iter 36: 31.2658	30.248	57.2849	-238.36	120.862	-262.804	34.4606	-81.4186	-254.379	-140.139	-9.61827	-6.19618	290.99	227.468	-195.88	20.3227	-210.35	-179.232	-84.7615	-202.061	-138.474	31.4043	-129.725	-39.0566	-96.5614	9.54304	-280.421	206.071	-177.315	110.334	
Iter 37: -37.4203	65.8097	120.47	125.743	-37.471	-2.90114	-79.1568	-21.6575	-45.4623	119.725	55.0948	28.6339	4.19501	164.91	74.2699	-27.3524	-74.5974	-39.6641	24.0076	-34.3528	-84.8198	165.385	-13.3126	0.747074	-30.5479	40.8015	-60.4681	-61.4309	35.7263	50.1186	
Iter 38: -44.8093	65.7461	93.6843	119.363	-37.2328	-34.3725	17.7724	-36.4528	-63.7771	15.5441	64.9165	68.3643	-3.87179	90.5447	24.2275	8.34678	-51.4181	-50.6729	-45.7303	-33.2658	-36.3239	-82.0953	-49.1349	24.3598	-10.6796	37.5332	-69.4997	-34.4962	46.0789	50.1821	
Iter 39: 99.1273	17.3201	72.8192	-75.3864	83.2459	11.0101	-98.6628	30.9737	-101.511	145.898	-210.377	243.759	-227.567	136.823	230.492	-31.1958	119.81	-194.704	-119.963	-289.601	-13.8326	202.867	-271.078	-41.8142	13.7022	63.9428	-143.707	257.641	-259.831	115.741	
Iter 40: -2.56218	-5.11496	37.843	427.551	32.3919	-26.7995	131.011	-217.135	-100.708	145.478	-360.518	183.226	-327.618	125.137	-7.15201	40.0606	-20.5237	-50.1787	303.782	-29.9471	48.5763	-152.141	4.1307	25.912	158.508	-234.953	103.438	193.737	-103.118	141.373	
Iter 41: -205.311	212.19	484.891	-18.2449	-48.7992	-166.625	273.817	1.64305	-14.7468	-111.446	30.6144	161.543	-139.738	381.685	-165.562	55.9336	33.5993	160.655	6.59645	101.887	119.104	94.1725	-159.718	102.748	-127.488	215.711	-211.079	98.676	-81.9859	192.706	
Iter 42: -188.435	49.7258	359.683	-120.025	-187.112	135.023	208.921	-19.2152	-292.214	255.628	-161.107	182.869	-101.954	59.3513	71.6681	20.7414	39.0026	63.4472	105.053	107.159	-169.534	-166.509	-316.987	71.9238	123.596	118.72	-248.675	35.1892	12.971	85.6524	
Iter 43: -29.4743	65.9772	73.4635	106.834	-21.7287	42.8363	40.8465	21.0343	-88.9868	61.0752	28.5344	46.6478	-57.0433	96.6839	62.4328	-79.9244	-26.6924	-1.04084	-10.0199	-23.6729	36.766	0.526402	-55.6276	63.5534	-46.7727	64.3365	-78.4978	60.4548	6.94	49.9901	
Iter 44: 133.619	111.093	214.279	152.738	5.80735	197.891	89.4331	-86.4153	-79.3831	173.211	-25.9683	68.0574	-195.108	343.183	341.614	-94.8366	44.1515	116.829	-313.493	85.1893	121.57	17.2061	-312.242	68.026	377.222	42.548	-29.8752	-182.453	115.224	-50.3219	
Iter 45: -26.4617	65.7569	51.085	85.8069	-62.1166	16.1268	61.2393	-27.4338	-23.353	77.4488	62.5265	56.774	-8.25103	75.6268	1.09287	-44.7701	-12.9437	-38.3439	-19.5206	-16.6181	-44.4532	55.2769	-43.9711	16.961	-30.9307	46.4703	-71.2052	-32.3853	44.7931	50.068	
Iter 46: -247.216	6.94188	63.2914	-62.0922	-323.819	140.267	494.07	89.1432	69.8071	-94.6622	-33.563	336.98	-52.0839	212.65	230.191	-145.833	88.9345	-243.955	94.3285	-161.957	36.2971	190.009	-333.414	-168.405	-117.053	19.1066	-59.3272	-232.841	104.869	-58.7021	
Iter 47: 67.8084	66.4806	150.264	190.854	32.5402	-76.6199	117.131	-87.3343	-99.9048	-59.4016	75.9351	105.803	-6.49735	250.297	19.4516	-62.5536	-73.1615	-193.954	135.455	-36.7581	-39.7058	-102.05	-71.7082	-119.436	79.9124	8.87569	-56.7602	-220.027	141.558	49.1787	
Iter 48: -256.824	-37.7942	198.993	-244.688	-164.99	11.0904	167.845	-42.7362	-124.151	65.6546	-68.2794	-32.2434	-191.478	63.1334	-3.06331	6.86719	-138.321	-139.355	424.61	-85.9832	-11.155	-192.918	-226.053	-16.7548	328.209	44.6066	-143.634	223.133	-120.998	167.334	
Iter 49: -234.826	-48.1872	7.3287	-147.312	-178.063	47.4096	-122.931	-143.131	387.763	261.639	-126.87	-58.1921	-60.9436	323.502	-86.4859	76.903	125.928	192.929	15.5342	61.2178	54.0799	-60.9336	-134.151	188.564	390.622	100.745	-185.847	279.844	-202.759	125.259	
Iter 50: -31.0052	-35.2992	331.312	-176.052	-4.83672	-71.2955	71.2752	-34.4862	-441.165	58.6535	-5.01755	274.495	-126.207	206.323	164.581	-71.1129	-56.3863	-61.4053	143.596	56.5301	-157.84	-351.406	-195.002	-3.11807	-162.528	237.485	-334.192	170.149	-32.2324	213.404	
Iter 51: -60.1045	38.2164	318.55	164.27	-30.3594	-80.5514	-60.9421	1.84576	-84.955	-110.711	-421.541	-77.2589	-277.926	110.499	151.196	-105.365	-288.907	-116.11	-84.3733	-162.266	39.4527	233.616	-87.7355	-39.5563	313.901	1.13184	10.959	-1.04452	-62.7929	153.355	
Iter 52: -272.503	65.1439	88.63	346.928	-199.046	-141.348	227.096	34.5819	-123.808	-196.679	-18.4408	191.576	-198.917	-67.7017	-237.574	-19.4299	-20.4348	22.432	-218.538	-13.7161	223.168	47.5754	84.0495	45.3009	161.546	74.4868	-280.913	29.3031	-25.516	49.9609	
Iter 53: -72.2501	-40.563	-122.678	186.328	78.8845	-298.716	-337.304	-27.7401	-323.898	-41.6863	-217.878	258.202	60.9562	-62.9652	-429.599	146.838	-6.37333	20.2182	-197.384	-107.525	81.7928	242.403	9.68682	73.2611	79.4786	-11.3239	-264.091	153.932	-176.921	171.502	
Iter 54: -49.9861	24.986	150.229	-287.283	-41.4925	80.46	109.853	99.3499	137.384	424.507	-280.428	175.058	-217.281	-119.477	-123.208	162.165	-63.9364	-223.93	309.22	-59.0562	190.153	-58.2313	65.2169	-133.539	213.659	141.455	111.003	-234.327	164.167	92.363	
Iter 55: -72.8625	65.515	89.5114	86.8143	-28.4559	-9.23928	44.3568	8.72638	-87.5705	75.1979	34.4911	21.3425	-48.0119	40.4555	98.6741	-45.0816	74.4219	-71.8102	-14.5377	-36.3896	94.7558	28.1736	-76.1331	13.6213	-13.896	65.7912	-61.9017	-34.468	53.3075	50.5408	
Iter 56: 49.3165	67.0162	216.856	97.5446	62.4521	-35.7204	86.5755	76.5107	-304.349	232.395	-13.4309	-53.1391	-30.4649	64.6345	-220.149	130.013	-83.8478	27.8438	-204.768	45.2855	-47.6218	-2.79478	-79.7138	7.94694	-4.43629	98.0882	-178.082	-188.635	124.773	48.22	
Iter 57: 31.4731	78.4444	-52.0905	91.9696	48.9535	-145.207	120.811	105.959	-63.5935	-98.381	-324.324	134.855	-221.206	374.577	-22.6208	-30.541	314.676	-5.05118	-238.026	-50.462	214.406	273.508	12.5438	9.99055	256.041	110.771	-203.563	-107.924	19.0319	59.0283	
Iter 58: -16.0894	86.5296	-27.5765	-187.071	-78.029	65.4796	15.9731	12.1376	-21.1905	81.9353	-185.328	308.562	-466.696	67.5264	2.00183	-10.1992	-228.507	63.8211	-324.44	35.1173	-51.5995	-19.9967	-265.873	74.8605	79.3254	5.87364	-349.296	117.58	-79.9076	-32.268	
Iter 59: -40.9502	65.9166	19.4685	65.6458	-3.27442	-15.9215	55.2303	1.49325	-63.1334	49.1934	44.1083	49.6415	15.2015	75.8798	-7.9851	-49.5961	-13.4081	-49.1457	-40.0455	-29.5639	47.0106	30.441	-25.7649	24.2802	-38.5303	62.1706	-86.6671	-45.7713	60.9215	49.8476	
Iter 60: -0.908094	-48.0121	87.8966	177.662	58.2855	-127.888	137.951	-201.135	-46.6572	-118.222	-71.3422	319.686	0.0447332	112.467	117.361	-61.9062	22.7786	-347.226	45.0582	-296.604	-67.1519	169.392	-261.006	-190.117	100.479	-103.419	-275.138	48.8483	-107.948	179.282	

Best Xs Fitness
4203.95
25917.4
4389.89
4514.68
8274.52
4618.92
25062.6
4176.94
4048.39
4724.94
5152.87
4858.24
71993.2
4869.33
6555.14
4513.06
4389.78
4732.98
4905.34
24619.4
3813.41
44788.7
3956.57
4367.95
4997.08
24640.1
4572.11
18044
79445.5
4601.36
4236.31
5264.77
4707.84
5934.7
5003.19
4916.78
9276.02
23169.4
4261.61
4332.81
18158.6
4410.86
52010.8
4718.67
22877
4941.54
6234.98
4546.9
4531.46
6453.71
4964.02
4053.44
4591.21
4617.63
48395.4
4688.22
4569.03
4039.04
39412.3
4405.99
