13-Dec-2018-18_03_38
 - Ran 810.212350 sec, min 4629.77


Best Xs
Iter 01: -6.04661	37.1708	-6.75266	-19.2771	3.06458	34.7882	11.2466	17.1358	8.99342	-63.7915	27.126	20.6888	-12.3787	24.9684	6.90859	-15.3919	19.9923	37.241	24.8199	15.1992	73.4398	23.6105	24.2154	-47.6427	41.1748	58.8396	7.83283	-4.26135	26.0372	-41.4418	
Iter 02: -7.05813	16.6529	-12.4268	-28.7321	-19.3392	13.0428	-69.0432	22.7508	-4.06135	-54.3766	-11.0743	-24.6054	3.82867	29.9711	1.61734	-23.5485	-0.140426	-17.8593	22.8705	41.0816	24.3943	0.0675246	9.40844	12.9842	74.2963	32.9814	78.2725	-15.9463	44.4811	-45.8393	
Iter 03: -29.8915	-1.9827	10.1717	-30.9654	33.2392	-5.10064	-1.46359	48.0011	1.72212	-50.7056	5.87496	-29.1196	-10.3167	48.6869	12.2145	-5.66211	-8.16396	-2.17907	8.79885	31.2497	56.8041	22.3648	22.1734	13.0216	-38.1344	57.1663	27.1492	28.751	40.6739	-6.28982	
Iter 04: -1.80216	24.2972	22.7352	-22.0863	6.46773	29.9743	-10.8966	13.0149	27.9853	-68.406	32.5187	-16.4932	1.87805	48.1487	7.05901	-36.0036	2.72204	9.53464	29.8513	28.2063	59.3036	-0.509361	19.0848	13.4403	22.2469	64.5106	-3.64706	-38.3867	37.8659	-22.604	
Iter 05: 5.67578	10.7112	17.6555	14.147	-4.96154	25.9494	2.16967	13.0488	37.6543	-46.7573	4.15958	10.8434	2.46847	34.1343	34.9124	-12.7162	-43.2447	10.2236	-0.878387	42.3367	31.2747	-6.85524	30.4145	22.4025	-17.9382	40.8032	-15.077	-20.1059	38.6026	-34.6807	
Iter 06: 22.2003	11.9127	-16.7396	12.2158	-16.4993	1.54221	9.25399	13.8347	-14.4443	-51.359	-0.789462	11.7078	-19.2963	21.0983	20.5688	-25.4268	-20.622	-20.3474	24.6771	49.4356	27.7491	6.98496	-39.6719	10.6014	-3.44762	33.254	-20.8078	-2.34676	36.079	-5.4285	
Iter 07: 28.5888	8.92912	4.83357	29.6862	26.9333	-0.507356	2.85411	30.5615	-16.2274	-48.6631	-4.39497	27.0886	-0.811024	18.166	7.89147	-41.7861	16.8771	-19.4917	42.648	55.2575	22.6186	13.1041	5.62537	-8.77662	39.7229	46.8819	-30.6123	12.4857	59.5895	-25.8239	
Iter 08: -22.9017	45.1302	24.3257	-26.3476	10.4147	19.5266	19.8245	9.37439	25.4237	-56.2278	12.4065	-28.4211	-21.1207	19.7665	14.9826	-21.5879	-28.8638	25.2237	32.9237	27.7512	54.4849	12.3328	-65.6477	38.0666	-16.5215	54.2199	22.952	1.14512	30.0219	-22.8543	
Iter 09: 15.8085	-1.84368	-1.36972	19.4702	-15.3171	18.1682	-5.39528	17.9977	15.2958	-52.944	12.3344	-22.3693	14.5587	34.3934	-28.1649	-2.9559	-3.32854	20.3496	46.182	44.6963	28.3798	11.3526	-1.13394	28.2652	16.4474	49.2962	2.29873	-7.15207	26.1922	-15.8858	
Iter 10: -0.402136	17.3729	-4.72186	10.7452	1.77845	3.34895	18.012	29.1811	16.2983	-48.7678	24.3723	42.1167	-9.94843	10.3317	33.9373	-32.8725	9.50997	-44.193	3.34068	47.9536	17.5277	32.7675	-14.6661	16.1868	-27.8581	36.714	-54.6346	-6.33924	64.1574	-21.9833	
Iter 11: -36.6939	6.08271	9.79341	35.7644	7.91214	19.9405	16.3284	8.27588	7.49474	-61.1317	10.4322	-17.8109	-29.2939	44.0164	-24.7239	-5.25971	-17.1122	-24.4088	9.54997	23.0532	40.6847	12.1441	0.570618	17.6984	-20.0988	56.5777	-1.46579	-9.95111	47.3748	12.8592	
Iter 12: -17.138	19.9536	3.11804	2.71704	0.44222	41.5444	0.937106	-1.97593	22.5706	-57.5659	21.2896	27.3793	40.5894	13.4232	18.6777	-6.75197	13.9823	0.361808	5.49256	46.0398	8.48737	0.559125	-35.8005	-14.6083	-40.9587	41.1398	-26.1026	-4.92045	3.35506	-50.7668	
Iter 13: -9.81583	8.66145	-9.29189	1.67516	-22.8331	34.1923	7.67834	10.3017	-30.6609	-61.8633	17.6957	15.6484	17.2772	26.5603	-15.4968	-23.0339	21.8097	-24.4606	0.545088	21.2468	40.5752	-5.97516	-13.5528	17.9365	-39.8834	49.6503	-34.9	-20.6537	16.33	-24.1028	
Iter 14: -19.7571	4.77555	-4.67689	22.761	-11.9311	6.59517	21.5124	18.9028	0.665519	-52.9673	28.1085	0.362887	29.1404	49.7942	2.53475	-8.53508	10.8843	-6.07182	35.6803	50.1796	27.5459	27.6106	20.7839	6.30304	6.48312	37.2666	-2.73205	-16.6907	35.6031	11.2559	
Iter 15: 4.20863	11.6061	-60.3782	-26.3951	-10.6207	-1.64612	32.4786	29.692	15.1667	-48.0552	10.3614	-18.0653	-33.5789	39.2037	13.6108	-7.92351	4.75438	5.3541	40.2919	67.2001	-3.431	24.9226	1.19463	-20.637	17.5235	32.1479	52.2341	-28.413	29.7917	-24.4881	
Iter 16: -16.0811	23.9134	-12.2229	29.219	31.9549	39.0666	7.88887	34.4694	-5.66736	-73.8166	29.4915	-7.07029	9.27468	32.5739	-2.46234	3.49726	12.2989	-35.2552	8.53278	28.3341	31.3955	5.13337	-28.9752	21.4044	14.3894	66.0463	-19.774	-9.55429	27.2674	-34.2352	
Iter 17: 3.04752	1.16737	2.13392	-17.7156	11.2539	9.84711	24.3074	17.0687	25.7851	-63.1526	16.9707	-22.308	27.5047	15.3754	3.19126	-27.9224	-28.7585	12.7291	14.7074	35.4093	42.8993	12.8787	0.613797	0.714722	12.2869	49.7545	1.91653	-16.5225	33.0341	-19.0269	
Iter 18: -23.46	4.44861	43.4944	-12.0609	-42.588	28.0736	19.7072	21.2028	31.337	-62.9	13.2381	-37.2319	15.1728	43.045	-9.32771	-47.4982	-35.6846	-4.66889	26.3074	36.0058	40.215	15.1549	35.7274	-9.13526	-15.0227	56.6363	23.1938	1.97889	41.6629	-10.0392	
Iter 19: 12.735	-6.34521	-2.28379	19.7953	7.34314	20.1875	36.2834	21.798	-5.2889	-70.8892	21.815	-50.3473	-5.1431	31.9536	12.0947	-20.4169	14.9217	19.354	-2.54981	43.7766	21.3597	7.60017	9.40756	0.3949	8.60889	28.5118	-10.1042	-23.3203	24.2807	-8.67567	
Iter 20: 4.07735	-2.59124	31.5612	-55.1639	7.29499	3.42975	8.86436	30.264	2.4626	-73.6813	29.2283	38.9284	-1.75203	23.2107	6.99952	-28.8824	-23.9664	-39.5663	14.7592	51.675	12.1855	39.5693	35.7909	28.905	-19.67	46.2544	-25.6296	-10.8703	46.7727	-29.8161	
Iter 21: -27.5976	19.0624	-25.5892	-14.589	8.2483	22.8426	-10.6237	16.7735	-5.61054	-60.7475	26.162	26.2369	-1.57664	54.1044	-10.1382	-10.3012	33.2809	14.5178	29.5264	30.1712	45.0733	15.3403	11.5347	-8.41735	-25.7994	38.066	-18.6753	11.0413	39.0754	-7.96704	
Iter 22: 23.8021	30.2297	-14.7485	-44.0525	7.40104	-0.492102	-22.4335	11.2983	13.7754	-71.8889	42.0779	-15.845	18.2656	14.5132	31.6824	-33.4476	6.77903	33.4162	24.5121	34.0736	56.9909	37.226	-10.7201	-7.38704	-13.0635	57.7759	4.36321	21.0948	26.6355	-21.8791	
Iter 23: -25.2815	6.52588	-4.39027	3.67257	-13.5203	-3.39058	-42.3863	19.7651	18.3211	-40.9925	14.3758	-23.9242	-5.85715	40.3833	7.78602	-7.83141	4.57563	25.5696	27.0833	47.4442	26.288	40.5493	-19.0655	2.01946	-4.75078	43.2636	13.9757	-27.7555	51.3905	-50.4153	
Iter 24: -9.4093	17.9238	-9.28808	-30.9792	10.5604	13.6821	17.5563	31.1227	-1.40552	-73.8842	38.6805	-20.0677	20.8558	34.4664	-6.50988	-43.1372	-2.23566	11.2793	45.6852	36.4379	48.8784	11.2574	22.0429	12.1022	-10.8452	44.4127	-43.7891	0.105383	48.7223	-33.6068	
Iter 25: 15.3398	29.0701	13.8843	11.7707	34.3713	7.10479	10.5467	14.1186	8.7119	-59.0687	15.375	4.27294	-6.27871	27.8883	4.08187	-15.4973	20.0207	28.9332	19.3638	39.9904	17.589	11.1046	-52.3013	32.7276	15.282	33.9852	-13.8815	-27.6657	41.6651	-19.0084	
Iter 26: 11.7524	7.52621	-26.0479	-1.22403	31.432	24.9539	-20.1792	40.6248	-16.8094	-70.9769	20.5333	-4.48442	21.094	21.3225	-6.19899	-13.2371	6.99631	-4.60177	53.46	41.6667	53.7852	7.38404	-30.9051	23.94	12.1048	30.508	-47.1648	-9.45561	29.1537	7.45649	
Iter 27: 17.5332	11.8057	-18.6547	3.5747	-8.38508	26.5132	8.09474	48.3556	-0.679581	-58.7623	33.7931	-11.4594	12.4573	46.6983	-2.14826	-20.3589	-20.4621	-0.938113	57.5168	40.693	59.4007	5.78186	-21.848	-8.39405	40.6609	65.962	22.5745	6.48631	27.518	-5.53005	
Iter 28: -7.94226	35.921	-24.5066	25.3781	10.7966	40.4205	8.90353	37.1099	33.1052	-66.4013	33.5513	22.8618	3.45156	63.352	21.2608	-18.0868	18.7285	-47.8162	51.7092	45.6753	42.4009	11.116	-5.86569	40.0368	-40.2803	69.603	-50.3249	37.087	38.7931	-59.0676	
Iter 29: -19.7287	2.00162	37.1466	-27.7234	-29.8945	6.60606	36.1469	8.96804	10.7137	-59.7576	7.55077	-36.9809	-4.53506	31.5493	9.19685	-22.9205	16.9756	3.87776	3.31434	35.8127	36.0688	17.7988	1.12902	16.9905	-46.6134	64.8544	-2.91184	3.20119	33.7003	-10.7379	
Iter 30: -38.1966	8.36106	-17.3312	-14.1005	-28.371	10.4807	-7.90531	18.143	-51.8698	-42.4139	7.62335	-0.305638	-26.3738	22.5185	2.97083	-23.1019	-21.9128	1.54505	15.2871	40.2455	28.0217	15.6016	-9.68195	12.0569	-3.91964	37.4364	0.286588	-1.13471	46.7799	-1.85864	
Iter 31: -26.8081	12.9637	-7.12257	-15.7507	-44.2656	9.98001	-41.3113	13.9772	-13.686	-78.6413	6.13151	-15.9034	26.3319	47.6837	12.7523	-15.2316	51.8841	6.46448	10.4028	40.5771	25.0797	9.57028	-10.2882	-50.0569	52.9416	59.0643	-11.1212	-39.4224	26.118	-61.3741	
Iter 32: -4.42815	17.1581	-4.61787	16.6396	-1.99209	18.1674	-21.3719	20.747	-25.3887	-69.014	18.6479	4.87333	-37.8931	19.3164	22.4523	-28.235	-9.98861	4.62072	14.1454	40.0537	35.6149	-3.45774	-6.53037	29.7489	10.2137	43.3339	7.22022	-7.74718	39.096	-32.9505	
Iter 33: -47.9939	15.4587	27.3849	-51.0185	1.13231	28.8154	35.729	39.3339	20.9715	-84.6515	9.33419	-57.0401	-32.5969	26.5479	5.32333	-5.91387	-25.3627	12.2149	3.0147	31.1231	33.1742	3.64933	-2.25982	71.6281	16.0196	42.2645	-12.7395	-8.81229	14.9833	-15.3384	
Iter 34: -19.0357	9.30896	-36.651	-5.84323	51.7043	9.01347	-32.3625	23.9994	5.19375	-52.0804	6.9557	24.9466	-0.857646	43.7094	-14.0163	-37.8433	-37.278	40.3085	37.6736	30.3423	55.6251	17.7178	-3.5119	-5.46213	13.5325	57.4835	-29.8367	10.7837	29.4235	-20.4262	
Iter 35: -2.24254	-1.64491	4.35127	-8.38803	5.12955	20.5157	35.2191	21.0244	-19.1219	-66.3009	15.7232	-38.5455	19.235	20.2797	5.32148	-22.4116	4.99723	-10.4316	6.78504	39.0271	31.0692	3.57529	23.1085	4.1006	19.43	50.9935	-0.221508	-15.0053	17.0334	-25.9408	
Iter 36: 28.0706	15.0342	-35.4977	0.573559	-6.73143	41.613	-19.7954	25.9422	28.5934	-67.7564	32.8148	-6.12454	17.6687	20.9871	47.5925	-25.9087	-45.5115	-11.4986	32.9961	56.8651	38.4233	14.6618	7.1522	-31.8262	-12.3339	51.1586	-4.51164	0.762428	31.7073	-10.1664	
Iter 37: -19.1914	-0.466322	37.941	-40.7767	-6.45502	29.8323	-18.8736	7.89269	-1.16817	-66.3043	8.6136	-13.816	-2.68349	26.276	21.5662	-33.8124	-12.5036	-24.5946	10.456	46.5074	29.2585	20.5722	-8.13865	53.1278	-26.0915	54.1976	30.0336	-16.0282	28.7023	-48.6497	
Iter 38: -29.1669	11.6467	-5.61362	29.0534	31.1568	44.5958	-7.93546	10.0799	-1.11573	-54.2382	34.6947	-10.6341	-15.5805	38.9699	-11.3457	-8.78246	-10.6398	-3.00259	28.6003	49.1639	5.80922	-5.26857	20.8927	0.0354693	-46.407	52.7938	11.4186	11.4409	44.3151	-19.8193	
Iter 39: -65.0378	11.5104	-6.0363	-13.7548	46.8328	8.60362	-1.24979	8.94857	23.8207	-34.9778	4.30089	-15.8945	70.4401	41.9698	-3.8035	-17.812	-9.90158	-30.709	11.4077	34.0212	30.2927	2.21991	8.50845	26.8929	20.6423	45.866	11.7973	-19.5495	50.5508	-6.9505	
Iter 40: 12.0651	3.6166	17.8299	-35.1777	-1.33239	16.6508	-18.8747	19.8658	-32.5622	-58.6965	1.3461	5.47093	11.6935	44.9811	13.9758	-13.2411	-7.74081	15.8138	-9.38715	42.6925	10.9313	-4.92415	-1.43014	43.1412	16.4554	43.9401	-21.75	-11.956	40.5998	-30.2636	
Iter 41: -9.15528	23.5536	8.56471	45.7926	-37.277	23.4257	1.44343	23.9626	-27.5691	-55.1209	0.224171	-17.783	-7.43867	26.8483	8.82895	-29.5575	29.46	14.3726	8.96942	30.9609	35.1963	6.48287	24.5802	-8.47259	-20.0273	45.9739	-6.02304	-3.43964	46.6413	-36.3392	
Iter 42: 6.21296	19.9481	19.4535	-17.6272	6.68112	42.2347	15.7171	-3.36264	4.35262	-53.972	32.8469	20.7263	17.1609	16.5609	-9.85975	-8.5366	16.0646	-30.2468	13.6896	26.8932	35.0333	0.608313	37.7261	56.2518	18.7458	40.5882	-4.71091	-25.7212	61.7183	-66.2205	
Iter 43: -24.3083	6.87851	-8.44427	-5.06456	-29.3638	-5.34726	-0.391312	18.9931	55.3112	-50.3769	2.95757	-22.3105	2.58822	37.079	-29.9305	-10.9871	8.65956	-25.4694	36.0959	32.2366	38.5888	8.28118	-40.5613	-30.3	-3.78288	39.513	-1.76281	-34.7609	48.4902	-27.4204	
Iter 44: 0.342746	26.6154	-11.5271	-18.5901	-25.488	35.7871	-16.9385	47.1353	34.2292	-54.0466	25.6401	26.9978	0.190689	35.5569	20.8721	-73.8268	46.9242	-52.8584	21.7998	43.0205	28.1626	22.5777	-23.3227	-13.198	-15.7141	32.0938	-20.2145	-25.3668	56.0537	-27.579	
Iter 45: -30.5292	15.0362	14.3131	0.567461	-12.7549	22.37	-10.0664	25.4423	-3.6907	-41.4863	17.0266	-12.1148	-1.46622	49.5824	-4.05712	-15.1346	36.2825	-29.1892	2.18431	30.731	25.8516	8.62081	24.7805	21.2586	-13.264	37.7922	2.73218	16.3185	44.7617	-18.7185	
Iter 46: 26.6417	36.9688	-1.43165	34.2445	-8.14708	11.8581	-0.448597	16.5792	11.678	-51.3603	0.0827403	28.4051	26.5955	45.1159	4.81807	-5.3728	24.2601	3.32721	24.3953	33.278	31.5463	23.6933	21.7708	-2.39045	23.4381	43.8377	10.1014	-6.57326	27.3259	-33.6719	
Iter 47: -45.137	14.3894	-38.8607	-14.686	-32.5193	15.9476	12.0686	21.8378	1.08238	-50.4951	0.251331	-4.69676	11.0697	12.7419	-25.0142	-3.63521	4.13356	3.60142	0.374715	35.7308	-3.82605	7.65699	-8.19949	3.45731	-10.6318	49.0988	-12.4355	-6.74956	34.6036	-28.4249	
Iter 48: -25.5624	8.58544	-2.66629	21.8193	4.42715	28.3272	46.9926	24.7235	-23.3457	-75.3476	26.3143	20.4143	-19.8118	41.2238	27.0437	-24.8726	-37.6401	-13.9401	20.4704	43.4631	44.0801	-11.7283	-10.7572	-40.5443	28.5471	59.9646	-41.2337	0.107038	10.6195	-25.3316	
Iter 49: -20.1667	14.7293	8.70585	51.7357	-12.4766	6.47661	-10.258	6.88217	-9.0005	-56.5013	26.3487	15.342	-14.1542	25.7998	-11.8584	-24.9561	-7.34998	9.42368	6.24096	40.342	1.83275	25.7501	-28.5667	-0.91923	-9.20269	51.9304	-1.96479	-6.4333	13.4825	-26.0095	
Iter 50: -36.4732	-4.36875	-12.6114	3.71546	19.6429	31.7887	1.88292	25.5739	12.6659	-69.4014	22.9026	-4.87932	15.2683	21.0574	20.1053	-27.4053	-1.08107	2.17798	21.6912	61.6743	8.19581	1.89361	-27.1947	-8.49599	-7.63071	46.1787	27.1277	-47.9348	17.0567	-31.9288	
Iter 51: 6.67321	9.74205	-52.963	-25.4054	12.3396	13.1072	3.82278	7.53258	-20.1741	-50.6298	18.3968	-11.8948	21.4922	32.7885	-20.0093	-31.0137	9.09519	4.64099	25.7065	31.5971	35.5953	5.68184	-47.3297	5.91298	-25.0401	45.5708	11.4112	-41.4076	39.8859	-46.5607	
Iter 52: -5.17729	7.86477	28.5095	-12.4178	0.0798068	27.8324	18.6671	24.4741	33.6353	-72.4483	5.63468	8.86918	10.9805	46.9279	14.975	-38.2072	18.4308	-51.1043	30.1655	41.2649	48.9504	-0.837475	13.6578	-31.2078	-24.5884	59.2705	39.2202	-1.46883	47.3283	-19.3672	
Iter 53: 13.851	-4.27086	10.7576	-26.0036	-7.41408	27.1552	-23.9601	13.4414	12.8673	-55.7999	19.7789	16.8977	10.6	45.9571	-28.4439	-18.1652	4.02309	14.3212	15.5889	26.5814	42.0887	0.803081	-11.1383	15.5761	-23.5276	25.6107	10.2402	45.0896	38.9301	-10.7779	
Iter 54: 1.26241	5.28623	-26.273	-36.9036	32.8924	8.97526	9.54163	9.37786	43.1938	-66.3704	44.6218	3.0877	6.63759	51.9179	11.116	-44.401	-1.90053	-16.5644	41.4069	53.623	30.619	10.8998	35.2788	16.8726	-27.246	73.92	32.148	-36.6117	20.6542	-18.9987	
Iter 55: 10.1517	16.5324	26.9042	-45.2504	17.5278	13.4028	18.6979	15.8282	-7.14097	-50.7812	-4.11272	-9.4487	-22.0575	32.7958	-12.7476	-29.7247	8.81018	-5.53519	-7.32815	23.7463	24.0412	3.10982	17.4256	-18.5255	18.8286	41.8425	14.4218	37.6861	39.8329	-29.5453	
Iter 56: -15.4729	10.8744	-4.06123	6.99631	-38.6105	13.4992	22.1199	16.2707	23.4402	-67.9293	24.2289	-11.8912	-22.614	48.6798	-2.32876	-12.5882	12.6092	13.8148	13.7397	38.0196	24.9465	2.788	-6.54754	27.0951	22.5182	44.4415	-15.3365	2.49413	20.1387	-13.8481	
Iter 57: 10.4008	4.83828	-23.3329	-5.55963	59.4412	19.9528	42.8141	25.3043	2.75743	-64.6594	13.9683	-22.6597	38.4008	39.2747	-6.95778	-21.0083	33.3382	-1.3654	29.0291	45.5752	22.1266	-3.94263	-13.5926	52.2525	-35.0756	40.7498	40.3575	-40.1357	36.5835	-34.9516	
Iter 58: 30.2622	5.19343	-32.4529	-16.2237	-49.1126	-4.29689	-26.8614	4.05754	-1.66637	-68.1026	12.35	-35.3898	-22.6324	34.3716	39.3518	-21.2176	-4.00766	-18.4632	30.0192	55.3343	39.0888	18.4889	8.58725	-40.3518	-26.5023	52.0267	21.1346	44.4035	24.0934	-21.0034	
Iter 59: 11.8217	19.9721	18.8841	-15.6846	16.3307	12.3061	94.209	6.72438	7.34147	-75.7232	21.0369	4.81528	-17.238	33.9612	25.7557	-17.3015	-8.35408	-8.08636	26.5437	38.3067	51.84	16.3243	-4.78211	24.8642	-5.45337	57.7663	16.6028	9.72619	-11.9541	-27.1635	
Iter 60: 26.0612	29.3148	-6.54865	25.543	-25.769	11.7834	21.365	23.6946	-25.981	-55.1006	-1.20952	-10.7548	-2.01459	17.7642	-5.04771	-5.25003	-28.8127	14.2666	2.76636	35.9215	3.06485	13.1105	23.2449	-4.15892	-16.4216	48.76	-11.3066	-11.554	29.3866	-35.6433	

Best Xs Fitness
8887.09
11548.2
16432.5
9297.09
13059.5
15475.6
11456
9234.93
17725.3
15913.7
25894.9
14616
18533.8
18936.7
16429.4
14671.3
15213.8
15347
20990.3
15754.7
15078.6
8512.12
11741
9049.75
16460
15001.1
10958.1
4629.77
17385.9
19046.2
11209.9
10558.4
16974.1
12896.4
15476.7
10061.1
11428.1
18602
19071
19416.9
12815.9
13498.7
16024.9
10968
18707.8
12269.9
26348.3
9967.67
21932.8
14343.1
13442.1
9966.69
21395.3
10848.7
20517.9
17157.7
13215.3
9747.85
8325.85
20784
