13-Dec-2018-17_53_39
 - Ran 472.774090 sec, min 1513.62


Best Xs
Iter 01: 20.9219	18.945	55.0627	15.0449	-18.0995	-19.5694	18.619	42.0208	29.152	-10.2433	30.8614	-16.2201	-10.8607	-5.24566	-45.2803	5.16114	14.8538	-2.05936	61.0017	27.3241	-16.6699	-4.58501	-21.8364	40.1301	17.3672	-1.14011	32.7554	35.8655	46.4053	23.6777	
Iter 02: 20.7372	22.5479	48.9876	3.62084	-27.9887	-11.5466	18.0048	39.0485	20.1623	-11.0307	29.8247	-18.2704	-3.42993	-2.29484	-48.7452	1.82867	22.8537	4.68709	45.6933	28.7304	-22.3496	-11.0673	-17.3556	34.9792	31.0881	-11.4079	27.5983	43.2344	51.2566	22.7727	
Iter 03: 7.24932	8.46395	44.2415	6.17411	-51.0188	-8.12321	7.81516	39.0277	27.4423	11.9076	32.9699	-16.3619	6.56464	5.5814	-54.7074	6.13953	6.29799	-0.00621003	48.0814	31.1958	-25.4643	-12.3965	-13.7623	38.588	23.8594	-11.9112	37.4672	44.7015	48.7754	11.6993	
Iter 04: 12.5376	15.4605	35.3102	2.17623	-17.3939	-6.1117	9.65964	34.8304	20.9561	-15.4657	35.235	-21.7472	1.28189	15.8202	-54.994	11.1496	6.95607	-6.19095	45.6446	27.7374	-18.5958	-17.005	-14.7516	49.1729	15.6025	-4.03509	26.1514	34.2625	42.2545	21.4018	
Iter 05: 9.33423	22.7312	48.5268	6.85343	-21.6565	-15.6326	15.4104	40.564	25.9239	-4.03876	30.3152	-17.5758	-0.226347	10.6965	-46.3578	0.612112	10.3831	3.65295	44.7421	34.7902	-19.603	-4.94305	-16.139	48.8894	22.1051	-8.427	32.9705	33.3265	45.8928	26.3199	
Iter 06: 25.634	24.337	51.0151	-4.96307	-20.973	-14.5453	14.7117	35.1292	32.2716	20.614	38.0293	-27.4205	-11.9931	8.22419	-47.1269	16.124	18.1956	-1.89887	44.9486	24.5068	-19.8274	-19.4329	-14.0099	35.4604	23.0205	-4.21137	28.5838	38.4175	44.6141	15.4601	
Iter 07: 26.644	11.5759	52.5494	6.74856	-28.0464	-15.5504	8.6881	34.116	26.8569	26.7409	36.6649	-14.1358	-0.390233	12.6307	-43.82	4.84535	15.0588	5.43286	55.885	32.5271	-8.99482	-3.44098	-30.8361	37.8371	31.737	4.74734	31.1508	43.6914	49.406	14.7731	
Iter 08: 28.7277	20.2286	48.0545	2.45735	-31.9347	-13.8928	11.706	40.1706	25.1486	-8.84576	32.9957	-12.9596	-7.48138	4.51854	-51.1843	4.81517	10.1209	-3.07709	50.9057	35.4888	-16.8849	-10.1391	-21.5864	31.1392	26.9389	-12.3434	40.7774	32.9436	46.3865	6.01199	
Iter 09: 22.8147	18.3003	49.7118	1.26911	-30.0218	-12.5198	11.7004	31.3929	25.1878	22.0765	29.7711	-9.86379	-12.324	-3.45124	-46.6708	27.9521	2.58492	-8.05745	41.8234	31.7182	-23.5474	-8.17855	-8.03775	29.7112	29.3176	-11.6166	35.0877	54.6871	40.7788	22.7849	
Iter 10: 20.6224	21.1048	48.8697	-2.85056	-26.9549	-13.9666	12.3494	35.8495	15.4287	-0.520041	43.0139	-7.54504	-1.97468	-6.63876	-55.6794	8.56651	13.7599	5.07838	50.7884	34.1946	-12.4308	-14.4989	-22.6925	42.0992	37.334	-3.24388	38.6302	41.6797	37.1723	10.2485	
Iter 11: 6.84832	18.4585	41.3018	1.2224	-28.8958	-10.5525	7.5983	35.9125	33.3149	3.65463	41.4126	-20.7943	-5.73847	15.5137	-49.3609	9.28766	4.1169	-9.58252	47.2137	29.9125	-18.7242	-9.66839	-18.4631	41.1492	21.2075	-2.65647	32.9571	36.9523	40.1708	24.7488	
Iter 12: 25.3095	12.8938	46.381	-4.67434	-44.062	-13.2215	10.7211	43.4118	30.3225	20.3591	40.037	-19.3431	-15.1655	15.7829	-40.8393	9.29897	4.32025	0.802273	55.0561	31.0748	-15.3915	-15.9529	-17.1332	19.8909	29.5778	-3.58328	36.5203	48.3658	33.0997	10.8265	
Iter 13: 26.1972	11.1353	48.7846	-1.84511	-37.7313	-13.0383	12.3022	37.8716	27.8789	-4.87856	37.2789	-21.5118	-15.0628	13.1462	-48.0375	2.60902	5.8005	-0.0513251	55.7164	30.542	-13.3154	-11.3679	-21.6046	25.7817	27.1766	-5.72025	33.892	44.3294	38.2471	11.9758	
Iter 14: 19.1443	28.5952	52.3456	0.41466	-23.2895	-12.0408	6.07279	37.2022	31.1702	18.8891	49.2853	-12.202	-15.4766	-7.56461	-52.8783	6.4512	8.66102	-2.41653	49.5171	23.8749	-7.98985	-11.1777	-18.9075	38.7628	25.1789	0.304649	35.8021	37.4477	40.0098	24.1955	
Iter 15: 19.6163	14.5099	51.4576	-1.25982	-26.7404	-12.7166	13.1174	38.3676	21.2943	-0.783584	35.413	-25.5507	-11.5444	8.32477	-44.3764	2.65387	18.2289	6.18829	53.92	32.1518	-18.5067	-14.1215	-22.4317	41.1853	28.9893	-10.1017	32.8674	36.5536	45.0648	19.8645	
Iter 16: 19.2297	16.9707	57.7273	14.8679	-31.4925	-17.4251	12.9044	36.3633	18.1029	16.5624	38.8012	-8.0105	-15.9294	3.83133	-49.2951	13.708	4.42646	6.05783	58.0074	32.8896	-15.2443	-6.14949	-16.4262	36.964	26.1536	6.87586	47.2884	37.4391	34.74	18.0021	
Iter 17: 16.6401	30.8442	43.3218	8.25731	-20.1832	-13.986	13.4528	38.6496	12.5745	27.2995	43.6381	-18.0308	-10.8969	1.22675	-53.4032	8.84049	16.9768	-2.53316	51.7844	26.5098	-8.38326	-9.32183	-17.0185	38.4963	26.7081	8.12509	30.833	37.845	37.9775	26.0713	
Iter 18: 19.1145	16.0438	49.736	5.41734	-27.0728	-14.2886	9.80955	33.841	18.9983	34.7611	30.7825	-19.4902	-14.9974	-3.92296	-50.0593	14.216	15.0319	10.7062	53.6991	30.6639	-19.866	-8.80935	-25.8102	32.0965	34.1142	-8.54503	35.5791	29.8877	33.2387	19.1363	
Iter 19: 10.846	29.5759	41.6205	5.06434	-26.2434	-8.79255	19.1228	39.633	26.4619	-14.4599	41.2702	-21.7128	-6.69671	-4.18544	-49.9516	0.182688	16.3365	2.72083	47.2441	23.3248	-13.3066	-12.1553	-16.2729	44.0194	24.9536	5.86856	34.4855	39.3647	43.7401	16.0376	
Iter 20: 22.0741	27.944	48.9482	-0.204861	-36.5631	-12.7677	8.54204	33.7723	33.9649	1.08331	30.3903	-10.9326	-19.589	-2.15994	-47.6354	14.8383	5.24263	-10.2084	47.5901	24.0702	-22.7829	-14.4389	-14.1323	31.5161	26.7673	-11.6486	41.3966	34.1404	35.2321	14.0142	
Iter 21: 15.4215	16.3672	45.2027	1.84796	-21.3426	-9.52862	6.39944	40.7716	27.8136	17.1568	36.5574	-19.5632	-10.0182	10.6757	-46.4345	5.64165	1.79054	1.44451	50.8682	27.3433	-20.4897	-10.6103	-18.0753	41.6115	20.7087	-8.11528	28.7768	39.6563	35.7291	28.1513	
Iter 22: 28.4532	16.4914	53.9612	0.823155	-42.3643	-13.9506	10.4769	38.145	32.2076	4.81354	33.364	-14.1173	-16.6523	0.646262	-47.372	8.80417	3.71739	-4.3099	55.518	31.139	-23.2225	-9.70844	-13.6933	21.6165	28.4256	-11.2832	40.4033	40.8889	37.9884	5.28396	
Iter 23: 17.5776	15.7949	40.5753	5.42311	-21.5125	-12.6226	4.73238	38.721	29.1206	-7.52353	40.1554	-24.4339	-4.04742	16.5448	-52.9804	2.13678	13.2496	-5.96574	43.6701	27.3115	-12.6206	-7.02819	-20.4392	40.9215	18.7749	4.28377	30.0334	33.6849	50.0573	20.5982	
Iter 24: 24.166	14.569	44.254	3.93224	-31.8038	-13.4845	15.3466	42.4024	29.2584	-5.73972	37.5265	-17.4008	-10.341	10.2576	-46.5604	5.71364	7.3378	-3.12389	54.3461	36.9303	-16.4777	-8.76571	-21.2056	32.4935	29.3191	-3.67521	36.8304	39.9108	39.633	11.8859	
Iter 25: 30.829	14.7142	53.9965	-1.8902	-26.8717	-18.4387	15.5052	38.7207	23.7531	2.14003	31.0936	-3.16962	-14.6223	6.67628	-45.6964	9.90877	-2.64219	1.22611	56.8212	39.3866	-16.8776	-6.83774	-10.8032	38.5705	30.6822	-13.5252	34.3854	44.3762	34.6827	16.8206	
Iter 26: 30.0738	21.3516	48.846	-1.45856	-17.7638	-16.5641	13.4795	46.9777	23.5227	-3.13286	29.9393	-15.9477	-1.25607	-4.65684	-45.2649	1.26673	19.7676	3.65339	37.2398	30.9378	-18.6527	-6.59541	-10.6337	35.1196	29.6982	-14.0844	17.9768	50.7518	52.7468	24.8006	
Iter 27: 21.6921	32.0233	49.1506	3.59783	-19.8907	-15.0757	5.72903	35.5144	39.1963	-0.758063	33.3249	-25.5778	-13.8646	-3.2827	-46.5039	5.20316	14.9034	-7.67897	44.9314	19.3061	-21.1473	-6.75828	-17.1894	35.7426	21.0207	-10.1569	32.9253	35.0151	40.8433	25.1863	
Iter 28: 24.847	15.9094	43.2027	-2.56038	-23.5487	-13.3877	10.7548	34.2469	18.6152	12.5433	37.2988	-22.2561	-11.7376	12.6013	-49.9804	6.5501	5.77889	7.98235	50.5226	34.394	-19.8433	-11.4826	-14.8136	34.02	26.0275	-9.01931	26.1757	39.4931	38.8813	23.1615	
Iter 29: 25.5283	14.3154	45.5599	-6.81828	-38.6191	-15.8015	16.0864	38.2758	29.3745	-10.9076	36.0172	-8.98711	-23.8338	-11.3073	-47.4676	10.5395	12.0013	-9.31355	56.3986	22.8812	-14.9362	-14.6027	-17.8811	19.9495	22.911	-11.5	41.4819	41.7736	45.2339	15.7936	
Iter 30: 21.2737	15.3558	50.5171	2.10755	-29.4867	-13.3758	13.9737	38.6452	28.8405	-8.30254	30.8003	-15.457	-10.2319	-8.27213	-52.5481	17.8938	10.8194	-16.0305	51.9362	26.9659	-16.6043	-13.2512	-16.189	36.8686	30.7046	-17.6311	25.6422	50.0631	45.8593	27.3758	
Iter 31: 25.3079	20.5214	60.2056	0.514751	-13.728	-12.9213	15.3629	33.8712	27.7123	1.71894	19.2975	-11.9689	-10.1886	2.08125	-47.0469	12.9919	7.69637	-1.10117	43.8988	26.3818	-24.4086	-9.72753	-11.7709	37.7269	20.544	-3.02518	27.3411	41.5375	45.2218	30.2241	
Iter 32: 22.4788	16.3568	46.4317	1.81361	-18.6112	-12.9312	3.48796	33.9345	30.6168	20.4167	32.5774	-25.4688	-6.85277	16.4239	-52.8058	9.7669	9.57078	0.66992	43.3535	28.5569	-20.7235	-14.5144	-18.4773	42.5128	20.6747	-8.09841	26.6773	37.373	47.5467	23.4856	
Iter 33: 19.7261	31.0374	52.0662	-3.01532	-14.0746	-19.3176	6.22323	37.2039	20.7792	25.374	36.3131	-20.0542	-15.4494	-0.147749	-50.9186	13.4382	10.1761	3.20776	51.9363	24.7112	-12.8216	-9.97694	-18.6393	42.1402	20.7999	-9.36815	34.4069	33.0575	37.7866	24.0714	
Iter 34: 28.1736	17.4455	45.1433	2.378	-28.742	-14.1831	9.00188	38.4817	23.4773	-2.12538	37.7264	-28.5759	-13.5488	14.4997	-53.6514	3.88216	11.8175	1.23477	46.1017	32.7296	-17.9455	-11.5519	-22.6704	29.7667	25.9455	-6.81331	36.7141	32.0323	45.0756	3.44185	
Iter 35: 10.8894	32.8557	50.9695	7.50041	-26.735	-16.4344	2.49479	38.3833	36.6812	28.132	34.3331	-17.4298	-6.07708	-9.49831	-45.9675	11.852	10.8992	-5.39141	43.5041	23.2578	-13.6705	-7.3761	-19.9084	40.5141	30.0968	-12.0316	32.2124	33.9095	42.8766	22.3557	
Iter 36: 15.1666	16.4807	43.4518	1.68354	-30.5307	-8.401	10.3781	36.2606	30.092	-1.84686	30.8851	-18.0824	-6.23914	9.16653	-48.66	4.9896	0.982749	-1.66082	50.3158	30.8565	-21.783	-13.5126	-14.2189	35.9146	23.0852	-12.2961	36.7394	36.8026	33.1967	18.5906	
Iter 37: 21.9505	29.3459	47.7016	2.41778	-30.7242	-12.512	15.3557	38.5888	17.9063	-5.80027	33.0563	-19.6031	-10.1136	-0.567258	-47.9471	5.33085	17.4302	0.607095	48.8366	28.5191	-18.98	-7.9733	-15.0926	33.1817	27.2578	-16.1446	33.7392	36.2601	40.9611	18.8226	
Iter 38: 19.5466	24.8065	44.4991	0.028124	-28.5507	-13.1559	24.5196	36.3947	22.2609	-7.39504	42.5337	-21.6319	-16.2108	-12.1905	-43.2211	12.566	24.1174	2.27331	52.8744	24.3926	-11.1806	-9.85945	-20.3351	31.5035	38.7857	-0.00675982	35.8371	36.7176	37.5158	16.1636	
Iter 39: 25.6402	16.2429	48.6148	1.27797	-23.285	-16.3468	11.4114	38.7526	27.1687	6.84696	40.2315	-17.123	-12.0977	12.5556	-47.1438	5.09595	10.5594	1.69646	48.3822	33.5453	-15.5713	-7.6818	-13.0489	38.3972	24.3609	-3.75442	32.8517	39.1197	46.901	18.7999	
Iter 40: 15.5498	23.3529	53.8144	2.07692	-31.2105	-13.1653	4.38927	41.138	21.9219	22.517	31.5972	-13.893	-10.4395	-1.67787	-50.3167	12.2271	3.27317	-1.15451	51.1018	28.0018	-14.4538	-13.9956	-15.3954	42.9702	25.1969	-11.9671	39.1237	36.5086	36.1643	16.8888	
Iter 41: 28.2985	19.8897	45.0805	-2.24197	-7.05657	-13.7924	7.82511	38.0256	30.2106	-7.01329	36.4565	-29.0213	-8.98656	12.5382	-48.2936	5.63466	13.1768	-6.45934	41.7879	27.0482	-18.2144	-9.67945	-19.2094	44.893	18.006	-5.83807	31.0611	33.5361	48.3639	20.272	
Iter 42: 28.761	32.937	39.686	-4.63888	-19.972	-12.2458	10.6457	34.0685	18.5784	-9.25349	32.1833	-20.8262	-10.1823	-7.44654	-52.6151	8.03786	21.2899	-0.572567	39.4195	18.1246	-16.8264	-11.4641	-15.9089	34.9228	20.4145	-12.932	31.4595	29.542	48.5682	12.3807	
Iter 43: 30.2475	16.3934	55.0582	4.31017	-35.4393	-16.0131	10.3409	36.402	18.8776	-4.29313	31.4326	-20.3103	-14.7591	8.47987	-53.3172	10.4278	6.42866	-2.36602	51.7268	30.203	-17.1917	-4.80828	-14.6684	29.6781	30.5346	-6.12905	28.9193	43.5534	36.9334	17.5907	
Iter 44: 19.1199	16.6239	42.1866	1.66126	-26.8092	-9.77166	13.4491	35.9797	24.695	28.9752	31.1409	-9.76914	-4.32953	-8.23738	-48.2682	0.8937	6.50554	1.5228	47.9749	31.9716	-22.046	-10.1834	-9.11282	38.7805	24.7832	-14.226	27.6397	54.3902	44.5593	27.4557	
Iter 45: 27.9584	16.2798	46.4463	-5.21507	-22.5958	-13.7681	7.83132	36.1671	26.7754	-1.11288	34.4106	-26.5862	-13.2688	14.478	-53.6127	9.32996	8.67251	-0.835458	49.7724	29.3992	-19.1287	-13.724	-22.8268	30.8216	18.37	-15.2976	27.9861	33.4573	42.1584	16.0385	
Iter 46: 27.5561	21.9849	54.8169	12.7474	-17.3276	-21.4942	9.84456	39.1688	29.2662	21.3063	33.9537	-12.6559	-11.3052	9.41981	-50.7507	21.1503	1.93712	-10.0921	50.0642	34.193	-13.2911	-4.22154	-18.3453	42.3241	25.9725	0.554021	36.2549	37.1153	38.0229	10.3485	
Iter 47: 21.7856	27.6737	51.9287	3.9555	-14.6434	-17.6868	14.0704	44.5006	27.4689	0.0906788	30.8795	-18.4458	-15.9796	-0.591889	-45.2753	5.50446	10.5226	4.80625	51.4672	26.3634	-18.6994	-9.93993	-17.7403	39.8842	20.5922	-8.71435	34.4195	31.7864	35.3168	19.3495	
Iter 48: 24.6285	13.8868	54.2441	5.35475	-31.1342	-16.0079	17.6016	33.8058	22.9746	-3.70073	51.1985	-9.01441	-20.6077	1.92924	-43.0991	1.72105	7.8989	9.55199	60.9163	40.4453	-3.31246	-4.26014	-22.1447	23.3352	41.2728	16.5143	40.0603	36.874	28.0635	17.2677	
Iter 49: 27.4491	30.5026	48.5131	3.09367	-11.6124	-17.2395	6.01335	37.9623	31.853	25.9669	31.9037	-21.4685	-8.85136	3.87708	-43.8671	7.97372	22.2453	1.79995	42.9417	29.3862	-15.9944	-5.85712	-21.7135	39.6373	23.101	-5.7431	30.1665	31.3893	51.8903	17.2219	
Iter 50: 26.1668	19.1906	46.2319	10.3255	-7.01188	-20.4743	14.219	34.5897	26.3769	-4.28336	34.395	-21.6447	-17.0675	11.5622	-42.6175	3.94681	3.28961	3.63989	52.0072	34.2391	-13.8321	1.84021	-11.5734	41.1113	21.7858	0.682324	36.4618	35.3531	34.3788	13.1201	
Iter 51: 19.2876	26.2236	53.2946	5.61516	-30.2535	-14.0874	2.97176	35.127	36.4974	24.5967	31.6134	-17.7257	-17.1248	-5.8317	-48.954	8.9699	9.80016	-1.33951	50.3608	22.0979	-18.8881	-18.5575	-22.0874	29.7955	27.2256	-10.275	35.2744	35.5957	34.4082	19.1571	
Iter 52: 18.4293	19.7315	51.6701	14.9659	-26.9684	-17.4424	11.8989	43.5075	28.665	-8.67838	29.7898	-17.6604	-11.0403	6.32058	-49.0789	4.58093	5.50896	-6.4643	49.5948	29.7635	-20.9914	-0.707668	-14.8848	35.9775	26.2313	-7.84482	34.0004	33.2646	36.0522	17.6403	
Iter 53: 10.5107	30.2212	44.471	3.69303	-28.2314	-8.78244	1.20154	31.9584	34.5803	31.215	26.8882	-13.998	-4.13927	-3.32185	-48.6518	8.81554	4.93064	-0.996188	44.3188	25.4354	-19.7216	-16.1341	-15.8958	46.4617	24.3559	-13.0725	35.2941	33.0911	38.3783	19.5613	
Iter 54: 21.3582	22.037	46.9279	3.9443	-21.5732	-12.3572	12.6103	37.4351	22.9154	12.1268	29.9431	-13.1642	-8.01378	4.41888	-48.6119	9.49667	8.7897	7.35023	51.7557	33.33	-24.1728	-8.7956	-14.9294	39.2134	27.7753	-13.173	29.3834	37.1252	38.4005	22.3441	
Iter 55: 21.3358	27.3871	48.4815	3.99032	-20.4615	-14.1597	17.6	33.5727	17.8037	5.63669	35.9272	-19.0235	-14.3119	-5.77252	-52.3574	12.2667	14.6823	4.70364	48.9657	24.6022	-21.3263	-8.1346	-17.0181	36.8601	26.7098	-11.1719	34.4981	36.6643	41.1255	20.1176	
Iter 56: 17.7278	29.2623	50.8281	16.5425	-29.1144	-18.7434	7.33597	37.5371	28.9949	36.1216	36.2017	-11.3776	-17.4204	-9.48506	-46.6738	6.91689	6.01418	1.44646	50.489	24.9718	-14.5885	-0.282605	-15.8182	35.9069	25.5705	1.40003	38.2626	38.2713	39.6774	22.8028	
Iter 57: 18.526	20.2189	43.5929	4.27703	-26.6143	-11.9155	10.5191	35.638	32.8772	-8.01772	29.5623	-12.8173	-7.52352	7.03971	-49.6219	6.31176	2.82095	-5.17072	47.5632	30.5682	-18.0216	-8.41517	-15.0366	41.1505	22.6484	-7.79872	36.3404	33.0102	40.2923	13.9407	
Iter 58: 20.648	8.33092	47.6399	0.0544073	-33.6816	-10.7971	4.83442	33.0456	26.0157	27.7626	34.6468	-17.4502	-11.3759	3.98609	-48.5274	11.1806	8.4363	1.47644	50.675	34.2453	-10.8419	-9.61963	-22.8492	32.2248	26.7756	-18.0027	37.1947	26.1165	39.5768	10.8031	
Iter 59: 13.6969	32.0493	45.4074	0.413663	-25.0824	-11.4488	13.4857	39.8286	27.9443	25.6582	37.4643	-21.615	-16.6696	-6.64437	-43.4416	7.70905	15.0917	5.87781	55.1936	23.3733	-19.0287	-17.7592	-18.6393	43.3816	26.8111	-8.86036	40.5635	34.854	36.2964	19.3811	
Iter 60: 22.1496	14.2472	57.6317	18.0827	-30.1584	-19.5176	10.3542	38.5074	21.4998	-7.43928	26.2926	-19.2786	-5.25852	-7.58391	-57.8382	9.90837	25.3207	-6.16986	47.5249	28.5257	-19.4221	-17.0209	-30.026	35.802	32.5819	-4.78444	34.5882	26.8146	50.9118	9.36451	

Best Xs Fitness
1525.02
1524.98
1526.52
1548.82
1534.47
1523.82
1518.53
1524.3
1522.73
1523.67
1528.36
1516.87
1520.7
1514.3
1529.69
1518.99
1520.14
1527.76
1522.9
1534.23
1536.14
1525.06
1529.31
1522.36
1524.85
1529.2
1526.22
1532.97
1529.99
1520.29
1540.21
1527.55
1528.9
1523.66
1522.92
1528
1522.06
1533.46
1517.68
1518.9
1545.67
1546.4
1525.31
1520.69
1531.32
1520.69
1535.52
1538.86
1521.47
1547.48
1523.12
1520.97
1527.52
1532.38
1523.97
1524.98
1529.93
1527.42
1513.62
1523.86
