13-Dec-2018-18_03_38
 - Ran 799.433977 sec, min 79084.8


Best Xs
Iter 01: 16.9762	7.32114	-12.3306	-21.8273	-27.7007	-11.7001	-53.5433	65.9193	0.0195659	-20.4658	5.45344	-19.0541	-17.4419	5.83122	69.3726	-4.76862	30.5865	-9.60811	-27.9943	24.6211	33.5883	-10.9072	-21.6755	12.9133	-14.9231	-25.5692	-5.39913	-44.5593	12.9816	-29.4905	
Iter 02: 7.95406	27.2352	-19.9315	-18.3693	-59.5901	-8.25659	-54.9417	44.4564	6.89189	-9.01312	-0.814866	-23.7827	-5.22424	23.419	82.1489	-19.3595	30.6185	6.90981	-13.7348	0.312391	28.6598	-17.7636	-1.58582	37.5751	-0.431518	-22.5806	0.575004	-37.0282	22.1352	-19.1192	
Iter 03: 25.9456	32.8047	12.5135	9.85007	-12.9193	43.319	-70.5059	56.9076	39.9724	-18.7715	-3.34981	-28.7314	-33.8603	-2.01977	77.5435	-36.4485	-4.88793	-14.0697	-27.5999	-8.76487	-26.5334	34.1257	-15.2075	-2.57009	0.80312	16.6754	-4.1807	-54.7764	4.93415	11.6468	
Iter 04: 20.2356	91.12	22.724	-18.0163	-29.9477	9.86436	-49.1656	59.0719	-52.2419	-4.13389	-30.7698	-3.43664	-9.97285	2.78081	76.6033	13.012	-14.157	-2.52265	-3.9687	6.18891	0.399004	-28.209	-27.7223	29.7068	-14.3483	-75.5705	-20.3688	-36.1562	-47.5881	4.63964	
Iter 05: 40.1681	3.68984	-23.2758	-3.2981	-29.8268	-50.4119	-62.8997	67.0565	-32.7679	11.8868	-35.1326	18.8547	-22.8672	-15.7233	69.1415	-32.6964	-31.515	-14.7927	2.84319	-16.6127	-42.1013	-48.1412	7.76747	-10.7058	48.6548	-19.2577	-34.0694	-36.8722	-13.3601	15.1255	
Iter 06: 49.1288	25.3614	13.5708	-21.9064	-1.16764	-26.7338	-64.5667	68.8254	22.0755	5.59814	-17.6282	10.256	-1.83785	-8.91914	71.8878	-3.73257	5.68038	-3.84035	-4.8437	8.94349	-8.14875	0.295288	-8.49743	12.5358	16.8642	-14.7056	17.1865	-11.0764	38.8533	-35.6574	
Iter 07: 31.2657	47.995	45.7998	-29.5231	-22.1737	-3.54232	-50.1686	73.4103	17.5643	19.2447	-16.4479	-4.24436	-13.7919	-4.93926	69.8784	-10.0046	-9.96483	-2.98236	-17.2552	13.7919	15.4311	-20.4255	16.6534	6.75235	0.794293	35.4829	-26.0381	-27.1383	-15.1642	-29.159	
Iter 08: -12.4962	27.0479	27.387	-15.9227	-3.05697	-13.305	-44.3428	48.0762	2.78204	26.2107	-1.57033	7.34932	7.13151	25.4084	73.4327	14.3991	-16.3575	-17.9351	2.91504	-3.27028	0.669955	-20.7349	-26.1791	-5.39098	-2.976	7.19303	-10.3802	-66.836	-2.95829	3.35721	
Iter 09: 18.3845	-26.0621	7.09226	-22.484	-9.51592	-32.5134	-52.9206	50.9984	-7.20709	-26.8439	-25.5951	-1.96619	-24.444	12.4521	71.1823	-13.0556	-9.69279	31.7768	0.375237	3.09266	5.0295	12.5396	-78.1801	8.52206	5.24933	59.2747	-20.5488	-30.3421	-23.0703	-9.43216	
Iter 10: -2.62321	27.3989	-1.34091	-15.6245	4.3761	-12.7846	-48.1817	33.0084	0.876232	26.4059	-26.9881	-22.0979	0.268336	30.1237	81.7414	15.663	-9.66357	8.94518	10.9623	-29.2225	-31.0598	-37.0067	0.756336	18.6704	-1.30428	13.2993	-32.8805	-40.607	24.3705	13.6086	
Iter 11: -14.2753	17.0014	-61.8357	-15.0908	-22.934	0.85399	-43.7867	45.0199	2.07234	-11.1113	-3.74578	-18.077	69.3388	27.6195	76.008	-19.9051	0.0588045	-24.9903	5.80243	1.74741	14.4281	-10.7398	13.9369	-10.3898	15.6161	-11.4836	-29.5313	-66.7016	3.37198	7.07464	
Iter 12: -49.5327	8.80772	-3.69043	-52.1957	-3.17692	14.6685	-2.27147	35.8474	-0.756468	15.9983	-48.2442	-13.9811	10.7223	49.7316	74.9382	12.492	28.2989	13.7943	-6.61499	-15.7614	25.2704	4.08657	-31.956	-2.9074	25.2454	29.5265	-28.9845	-62.237	62.1436	25.1513	
Iter 13: -14.7824	41.7882	-41.6556	-70.2902	-66.2472	-80.6576	-19.4053	32.5146	21.0889	-22.7636	-28.6486	21.9289	-1.80317	52.533	88.9041	8.7167	-37.9325	16.2384	-5.30586	72.1316	81.2519	3.58779	15.2001	-29.5806	-11.1761	-73.5232	12.8204	-1.49125	1.8726	-49.2469	
Iter 14: 10.8445	20.1611	-17.4886	-22.5593	-24.7703	20.8341	-50.6604	41.6521	-7.17703	-22.1698	-25.4086	-37.8701	1.79154	21.7645	77.054	1.02381	-2.43956	-1.4297	20.1943	-14.2259	5.25867	-1.83361	-14.9498	14.7217	-3.65492	8.19141	14.6799	-27.9891	23.732	-5.36835	
Iter 15: -5.56976	18.1824	-12.6887	-25.1307	-9.93591	-26.8589	-52.6478	26.2513	-8.26259	13.3853	-2.76619	39.1876	-25.0613	44.099	80.1487	1.01543	-20.7086	20.2885	-5.28226	16.3715	19.5496	17.4378	17.6553	-0.204242	-49.8557	3.23371	-10.8579	-32.1259	-10.7611	-23.2997	
Iter 16: -2.50384	33.0321	-45.9897	-76.7032	-39.9673	15.2798	-13.0476	42.3801	0.615315	-20.6107	-58.1144	50.4905	-2.09787	38.3089	84.1034	-21.6753	41.9765	27.4628	-2.92944	15.0159	3.96174	43.8384	-6.28754	1.33232	21.1509	23.0246	20.6922	10.3643	26.2848	-37.1258	
Iter 17: 3.12286	-10.019	13.0969	-22.6144	-3.01866	-13.2143	-44.9849	63.0733	-22.7637	-6.3965	2.73367	-17.8705	22.235	11.869	74.008	-20.2507	-36.7452	17.9173	-23.5207	22.9778	-11.5056	58.2786	-17.023	17.175	0.976355	-0.772384	-18.0322	-55.5835	-14.3303	-16.7192	
Iter 18: 14.8814	20.6951	-7.99098	-23.2915	-27.4922	29.11	-49.5206	37.7911	-15.4547	-6.10466	-38.7392	5.20303	9.93834	21.3401	83.5894	19.3302	5.14591	-6.2639	5.66492	-67.9213	17.2892	10.1461	6.43722	20.8257	34.3404	28.4894	-1.49993	-17.541	2.30706	2.11544	
Iter 19: 19.7004	28.1234	-35.1058	-4.645	-59.711	-3.38813	-59.3019	48.7884	-1.79404	7.43964	-29.2369	-19.8729	24.6845	5.86114	71.2213	38.7842	14.3332	28.5931	9.03975	-11.6565	-5.11996	6.02996	5.75467	-3.4836	-32.6532	-5.91641	-3.5298	-42.7066	-49.1524	18.7642	
Iter 20: 0.890223	12.2303	-17.7353	-5.00526	-35.86	-43.721	-56.405	38.1734	11.4556	-9.56346	-7.8964	36.7451	-9.66407	24.3283	83.4171	0.754677	-6.91027	14.894	-19.4209	-24.2864	1.47051	8.32269	22.6912	3.86729	-44.9886	-16.6606	12.1836	-51.8298	10.7623	9.85871	
Iter 21: 43.2709	40.9622	-8.75508	-27.0893	-7.7541	29.6591	-55.0832	77.0157	-44.935	32.6326	-24.7717	-11.3418	8.64724	-13.8648	63.263	18.9676	-15.2952	24.0695	-44.2986	-2.17743	7.79409	-17.6127	34.3083	-12.4243	6.81446	-41.3254	-5.37047	-20.4694	-24.6032	-26.8878	
Iter 22: 37.1995	40.4278	-5.77246	-9.8685	-28.6043	6.33604	-60.1581	55.8033	18.3443	-0.920007	-41.9322	20.5664	11.2212	-4.61124	76.5345	24.7525	-21.8566	7.19017	31.9826	10.1282	-1.13511	-40.0618	-11.727	50.869	-3.54197	4.75789	-4.58175	-22.2233	-14.3393	10.9296	
Iter 23: -1.95268	31.0059	-45.8999	-29.9388	-8.34171	-51.7185	-34.9442	40.2089	39.5717	26.1265	-48.613	-3.15087	13.4711	24.7976	79.2249	7.78249	3.27945	33.7092	-5.8482	29.5311	5.20116	12.8853	-11.1434	-29.6664	23.7745	-13.8115	25.6114	-31.7135	-25.9535	17.4458	
Iter 24: -5.69296	36.9217	15.5338	-38.0872	0.254129	-18.3824	-39.113	52.2933	-6.37169	22.5034	1.35298	15.4502	-17.1708	28.5052	72.5388	-12.5941	-20.7188	-17.2088	19.0385	12.4544	15.6459	5.77464	-7.50556	10.1763	30.1998	1.25658	25.257	-42.6804	-31.5317	-34.5576	
Iter 25: -7.36632	39.5745	33.1814	-11.4247	-38.0793	32.7566	-54.8609	17.0342	11.6317	-13.9787	-15.4211	-19.396	-18.2437	44.0427	89.6242	-7.51948	-15.8502	13.4182	-35.6367	-24.3165	3.28302	7.82674	1.59674	9.17436	-7.6523	-17.142	-5.48109	-35.3476	12.3623	7.88502	
Iter 26: 5.70114	61.5055	24.1119	-36.6647	-27.2942	-19.9955	-33.9644	61.7192	16.8995	6.87937	-25.4973	3.86028	-3.231	12.1963	77.1871	25.9509	-7.071	-18.0963	-10.302	13.1047	33.241	25.4783	-4.58017	-12.9231	-5.98588	-38.0463	12.153	-36.5408	12.336	-12.0422	
Iter 27: 1.91576	0.71379	-10.4215	-53.1635	12.1826	-16.2994	-26.52	48.1005	60.1613	42.2165	-42.9902	-11.1498	16.0485	26.6106	79.2665	44.4403	16.0466	16.7745	-30.6541	9.74957	-0.716029	20.1347	-18.6686	12.3456	-28.3216	45.6241	5.8011	-12.7207	41.7629	-20.0572	
Iter 28: 1.67634	31.5477	-9.97193	-15.3191	-23.114	-9.39556	-50.3291	47.8786	32.1288	10.2004	-12.6366	38.8213	26.316	18.8428	70.34	-19.7727	16.4743	4.34917	-43.0901	12.4142	53.0455	14.5202	-1.03374	20.3752	-17.7308	3.93299	-2.46835	-52.2757	-34.5343	2.71141	
Iter 29: -4.65157	37.395	41.4313	-56.9509	-41.2932	-2.99965	-24.4203	42.3762	-6.00879	-21.5295	-41.8318	34.7749	-38.2992	34.9236	79.3346	2.39388	-10.7075	-1.24384	-20.8575	10.6023	-14.2516	-7.70448	12.2354	6.71968	0.124125	38.9986	23.3621	-11.7208	24.122	-23.7007	
Iter 30: 15.3127	24.5504	-39.0586	-46.8841	-36.0383	2.21575	-40.4051	54.4035	1.51983	30.0139	-21.8485	17.3278	-27.3324	19.4393	74.226	11.2041	-15.2923	10.3113	4.93298	17.7622	-13.6801	-7.06993	-9.18107	-14.3519	-26.5458	-4.43099	-13.9785	-12.0151	-12.9763	-41.2129	
Iter 31: -7.98912	32.366	4.69125	-58.6926	-7.30819	10.3507	-9.98165	68.4003	-20.1955	22.8348	-55.1332	9.12342	28.8861	13.9839	68.8504	-8.14093	1.78784	-2.74542	4.34036	6.68675	2.56085	-14.6131	-6.78899	3.27055	11.8619	9.68103	-10.4566	-38.7077	-15.2348	-2.54019	
Iter 32: -2.78073	5.86081	9.76646	-51.0767	-3.54704	11.7878	-33.2882	41.5159	11.8946	26.7047	-19.9124	20.1656	28.132	37.3814	84.0007	-1.80877	-14.7969	14.8128	37.9315	13.9129	-12.0712	-21.1752	-18.5248	9.63685	-29.6295	-22.9763	-37.9387	-15.6526	-16.9083	-39.2429	
Iter 33: -6.49687	24.8037	-8.45119	-40.3689	-17.0357	4.57231	-35.9472	32.932	-7.1572	-11.7253	-33.2561	8.58468	28.597	38.726	79.0906	40.7323	15.5711	12.5531	11.8311	-15.8153	-25.1139	11.724	-6.46778	6.56971	-3.52244	17.8621	-22.4647	-24.1187	12.5284	-12.0069	
Iter 34: 5.29728	44.6326	20.9096	-17.5231	-0.727349	5.33323	-52.2748	39.724	4.50043	-15.6722	-14.8557	0.100519	4.91737	25.536	82.9272	-8.4833	-9.28268	-12.7169	-4.21256	20.0383	-41.5267	-13.4846	-51.9248	-8.91747	4.73323	12.5811	-8.86456	-36.377	-5.79409	-5.05052	
Iter 35: 9.26439	24.476	19.7905	-15.4226	-20.6202	-1.72254	-50.2114	46.3049	-17.2928	27.3525	-27.5207	-4.29211	-19.9811	16.4028	75.4535	0.379846	10.757	-20.6363	2.56585	6.87972	26.6972	32.1827	-21.8852	39.0432	-17.3924	-30.3862	7.14192	-40.7637	-5.3483	8.6332	
Iter 36: 5.0489	29.9615	5.47713	-23.1871	4.28252	20.5435	-48.092	28.5814	-4.34861	10.2464	-39.523	-58.2897	7.28041	31.4217	82.576	6.54925	12.9097	23.351	-3.4215	2.30979	6.25734	-0.715308	-32.482	18.283	-3.84757	-15.5232	-1.25146	-22.1595	22.4098	6.90243	
Iter 37: 17.7212	26.5209	16.4766	-48.9103	7.67657	7.65627	-35.0054	55.3325	33.5587	-7.04129	-40.55	-21.3863	11.6625	15.5445	77.4597	-3.97547	-18.2106	65.7996	14.2676	9.15122	18.17	26.627	0.708238	-14.7701	-20.3033	-6.55761	-19.1948	-6.09364	-31.4627	-27.7256	
Iter 38: -5.84693	8.69803	0.247733	-15.1865	0.0415792	-33.1374	-52.0058	31.0093	25.8852	10.9238	-11.5691	-5.91742	9.79587	35.0877	78.5044	19.2322	-38.1436	2.66226	-17.0489	-7.56141	-8.17107	31.9163	-7.98672	29.197	-38.5204	-45.3644	10.0375	-45.2662	-12.0945	1.28737	
Iter 39: 7.64959	33.5133	19.6791	-38.9683	-34.6509	-28.8874	-42.2634	33.5901	12.1838	-6.63804	-35.9742	1.55986	20.0286	32.805	83.4546	0.683678	-6.51981	-6.62894	12.5129	25.0242	6.39864	-47.0045	-2.14152	-23.6851	15.0361	3.93994	5.29315	-7.87032	46.927	-17.8233	
Iter 40: -23.8297	39.356	30.2599	-3.55489	-42.9764	14.1281	-47.4325	14.3118	-25.5058	-6.86303	-27.1527	13.0478	-15.9949	46.1567	85.9933	7.35234	2.73642	-22.4089	-20.6225	7.90693	23.4087	-18.8076	1.12128	4.13565	-16.4663	2.61714	6.73711	-59.7233	53.0274	42.2038	
Iter 41: -2.51134	27.3416	8.97006	-10.5034	32.0843	16.1154	-54.4348	37.8575	24.1804	-20.4838	-7.0266	29.5137	9.70863	27.5772	75.4666	31.2881	-27.0374	-17.6198	-8.41341	24.1284	-33.0111	-4.50097	-47.8229	-4.77014	25.9702	4.68629	11.0161	-52.6236	-59.7474	3.629	
Iter 42: -30.4329	52.8215	14.5128	-22.0336	-56.397	2.79535	-36.936	28.9297	23.671	-16.1751	-2.51275	18.6943	30.2202	47.1617	85.3726	3.47039	29.0056	-31.6346	14.9566	18.2421	-34.7664	-21.0792	10.6848	20.032	-23.9758	-22.9908	18.936	-62.2262	49.7035	5.69086	
Iter 43: 2.96584	22.1309	-2.8547	-37.1504	2.38186	14.2175	-38.7067	33.3309	21.7099	-9.57872	-48.2523	33.3923	9.16154	31.6728	76.6315	7.20507	5.22618	23.5299	-27.4321	-11.9895	18.5667	0.0881998	-27.7693	7.73098	-10.3062	13.3562	-1.5039	-16.3973	-27.8031	-0.835743	
Iter 44: 5.82559	44.5961	13.1628	-31.282	-15.0198	14.577	-54.4757	27.5639	-14.6212	26.5715	-6.17222	14.8063	12.0312	41.4951	83.1981	-9.15488	-4.30887	-45.9777	1.07651	9.75064	-28.3115	5.78912	-16.9661	1.05881	-21.1161	20.9907	-7.83925	-12.8319	-4.17306	-37.3017	
Iter 45: 13.6256	7.21124	-71.7179	-24.588	-1.53465	-10.5166	-51.5734	49.5802	-17.3183	11.699	-9.49734	-47.2139	-25.7087	18.1246	79.7429	1.53298	-57.8619	-5.05003	6.52374	7.36685	-7.18794	9.67193	-1.57705	6.68643	23.9166	67.1622	-81.4933	-29.3402	20.8766	-21.9543	
Iter 46: -9.69691	3.23186	-8.9688	-25.6926	-32.0932	-1.59842	-32.9543	43.0657	-21.5654	-16.0094	-46.6757	15.1839	-40.7027	23.956	72.7303	-34.181	2.7454	10.8481	-36.1041	-1.43761	-22.2026	-12.0631	11.3866	34.1266	-51.6809	15.8449	-12.4261	-50.2529	-2.47515	27.6091	
Iter 47: -3.98372	-8.56394	4.19702	-33.2044	-41.6019	1.33993	-35.3495	33.5327	-13.6564	-32.6568	-44.9914	1.59274	13.1912	32.5574	83.5591	46.2114	36.3492	34.9755	28.8802	-29.7052	-1.77899	-45.1234	-33.8437	-20.256	9.25416	-16.2288	-35.5666	-25.4704	23.5015	8.67625	
Iter 48: -19.2728	16.4325	11.4082	-23.6805	27.6463	-2.11315	-40.4787	23.258	10.6341	-10.9458	-27.5606	19.9622	-27.2853	44.7076	77.2517	15.5878	55.8067	3.55666	-24.7408	-32.7231	-17.0201	-3.79573	-9.06861	-14.3706	-10.1405	1.72744	5.22451	-46.1485	-20.1473	13.6891	
Iter 49: 9.59917	46.9994	50.3209	-25.0545	-10.2952	9.32354	-45.0797	51.1199	-35.3542	15.7419	-23.302	-1.97306	-7.39415	15.6653	75.7546	-0.918628	-15.4735	-61.3552	-7.77684	0.169197	16.7858	20.5907	9.28879	21.1771	-3.10962	19.981	-13.7824	-33.8481	-22.9978	-4.97314	
Iter 50: -18.9506	-7.05974	19.2154	-45.1512	4.62363	-4.67644	-30.3017	35.3743	2.09405	-1.64732	-22.1057	-5.68685	45.1569	43.9142	72.6373	-13.7865	-16.2524	-52.8829	53.4906	-1.71709	-30.7616	-7.72094	-5.21163	40.4227	4.59703	-5.65199	-17.5299	-37.6206	-8.59294	-17.8907	
Iter 51: 2.01432	31.3915	-53.0416	-40.002	25.1912	7.26987	-33.3438	57.7495	-2.24858	-1.82424	-28.1597	22.2805	2.83741	17.0781	69.2727	0.381965	-13.9039	-41.5134	-26.8253	-21.557	12.9415	13.9308	-44.5815	-5.13671	-13.1254	1.96925	-7.55246	-37.3499	-21.722	-13.5206	
Iter 52: 22.8967	30.7133	-7.03611	-28.8739	-59.4379	24.8296	-53.212	46.7906	-29.6492	-6.38345	-18.4591	-28.0223	-12.589	17.5828	84.5723	-9.18256	24.1803	-26.5915	-41.9531	7.70072	25.6619	1.55562	-29.718	-2.6634	3.88518	1.74147	-5.52416	-11.1234	-13.36	-28.0609	
Iter 53: 27.5082	37.5515	2.70216	-36.6398	-53.8827	18.8527	-46.8505	31.1008	25.3413	20.4883	-68.3874	7.27396	-35.3633	22.8761	84.8625	-19.1617	26.6422	10.6337	-7.41065	7.27359	30.2826	18.053	-6.00933	2.85872	-22.1312	9.22027	24.489	15.3221	14.4231	-2.57958	
Iter 54: -7.75752	16.481	13.2587	-28.2385	-5.94741	1.85877	-46.3921	30.9626	-0.547863	7.15247	-7.29371	-9.71307	8.17731	41.115	83.2708	31.3605	-2.73905	-12.2426	-8.42576	15.5876	3.37611	-3.90166	-16.006	0.270859	28.749	0.584925	-1.79823	-33.2967	-30.1899	-18.6477	
Iter 55: 15.0606	-35.8265	26.9019	-36.2304	-22.3406	3.90441	-44.4377	59.8433	-15.6995	22.4407	-19.2228	-20.3984	20.5774	12.531	65.8114	8.83805	-1.85405	-8.05495	-0.847767	-16.4592	2.25156	12.1122	11.6199	-12.9269	22.3722	17.5519	-14.7646	-29.2425	40.1775	-28.1792	
Iter 56: -15.2608	54.7492	4.90439	-43.3439	-28.7367	42.9679	-24.8483	47.9715	-27.3964	17.2574	-34.5085	34.6084	-19.7753	30.1354	70.4302	-28.1635	2.28424	24.8716	20.7794	14.263	2.19985	-22.7652	30.4077	66.6515	-27.5413	-30.601	19.5054	-45.0401	-0.0469649	-1.65222	
Iter 57: -12.5299	-0.142982	4.82277	-24.6686	-23.3238	-8.5108	-44.2543	38.0783	14.884	22.1851	-4.91438	-22.9601	10.819	37.003	74.8539	8.52661	27.8419	-22.2741	11.9982	6.41059	-9.91015	-3.03296	9.17376	-31.9709	19.3677	1.34594	11.8213	-49.5538	0.580544	-10.876	
Iter 58: 32.1471	22.8191	28.2145	9.68951	-18.9966	8.69494	-69.399	55.9693	-15.3973	-4.86015	-21.6438	-24.0542	2.62355	-6.4067	77.9632	25.4495	4.01042	15.0289	7.5113	8.96602	-21.15	32.4034	-45.0402	10.6498	44.3228	11.9358	-23.8217	-45.556	18.3806	23.3807	
Iter 59: -13.5517	37.0949	2.62271	-34.821	-42.3562	-4.62735	-32.8643	60.0665	-12.3632	-12.5109	8.88355	-14.4504	-7.49865	24.3791	78.9816	8.47617	-3.01882	4.2523	12.395	28.872	-0.545348	6.32772	-10.5963	-19.5363	5.96607	-12.412	-15.4818	-58.2954	8.45968	-25.629	
Iter 60: 40.1026	-10.2544	-4.92975	-11.0245	-42.1811	-1.6389	-57.7797	70.9612	41.2838	-50.0338	-46.6121	10.0359	18.483	-18.2024	57.831	-21.7408	-17.004	-21.9385	18.5621	-8.88452	-28.2993	1.23957	-1.38767	37.1097	22.6703	-13.5545	-28.2046	-35.7001	6.83527	15.8525	

Best Xs Fitness
231792
259093
154379
113434
173624
167584
100281
318009
281906
318072
301387
759325
271924
260683
688204
97729.1
130630
204411
287887
282535
217861
114710
283337
330929
578446
95897.4
127256
361715
185654
212229
524488
228617
337494
248700
266456
333004
79084.8
456595
267720
628311
408044
393419
325462
720318
183554
465078
250581
567786
191165
518394
263215
199788
215273
432206
355818
403064
488322
157806
104620
473399
