13-Dec-2018-12_37_59
 - Ran 607.128245 sec, min 619.514


Best Xs
Iter 01: 6.33376	5.90213	15.37	19.8889	-1.94182	-41.6214	-1.16799	25.0323	-16.9241	7.8293	-41.8242	14.567	6.30061	-4.78628	16.1616	-19.4019	20.0975	12.3697	12.5135	27.3059	5.15272	10.3998	-20.6536	-16.2098	-78.1947	19.0026	50.4487	11.1951	-0.816981	-44.102	
Iter 02: 14.3984	-0.300382	-2.54788	18.389	-2.73083	-57.5127	-9.40468	22.8522	-12.9013	27.9292	-11.9986	6.86783	8.39245	-8.69866	3.08945	6.57222	1.4254	20.1721	18.8647	-45.3954	14.5269	-21.9763	-14.9912	-29.3461	20.1246	29.2899	56.9663	24.1529	-22.293	-30.2408	
Iter 03: 7.9843	4.06031	-4.25547	2.70063	23.3807	-47.3602	21.8381	-2.58455	20.5372	15.061	-42.4862	11.2138	12.5824	10.5171	27.3373	-28.3944	8.69317	15.2711	32.3446	-56.2548	8.34788	-6.19359	-13.5193	-27.086	13.0931	11.0888	51.7998	-27.4146	10.5278	-55.5148	
Iter 04: -23.0149	-31.163	15.3312	-18.3294	14.7301	-39.7077	28.8466	-2.96607	4.94591	-15.0978	-42.2856	5.59423	-6.27823	33.5592	-8.26793	-17.8998	21.1697	-24.4567	-13.0259	-24.8571	15.4394	-18.4121	-8.93036	-20.9618	15.969	9.3368	-19.7339	-30.5988	9.93713	-12.5071	
Iter 05: 0.979995	-11.5572	14.6837	11.8504	4.62104	-14.1464	3.62606	3.73333	1.08566	-4.50202	6.5609	11.0551	7.06313	12.753	-28.4951	22.7203	-11.1886	14.2136	11.5899	-60.3352	8.25646	3.92976	-13.8235	-10.4957	14.5806	16.7429	13.3544	-16.7973	9.50686	-36.9118	
Iter 06: 19.2924	-12.0383	-7.48267	-11.3772	-28.8889	-24.706	8.98968	-3.70122	1.51682	7.23912	-14.2239	14.9808	6.81679	24.7248	-34.3463	42.9178	-19.2207	4.59351	8.88644	-35.1167	19.056	-35.5712	-15.3556	-44.0875	42.0401	28.0635	34.0351	8.58205	-23.7523	-1.6118	
Iter 07: -18.6227	-47	14.5646	-15.1548	-0.400487	-39.1077	16.7583	-29.1415	19.6305	27.3462	0.173345	22.4645	6.88759	32.6155	12.3839	-19.5714	22.7935	-15.5196	17.5113	-47.6959	27.7699	17.6942	-10.1844	-28.5951	14.8479	37.6801	16.4781	40.781	-24.4952	15.0235	
Iter 08: -4.06004	23.5853	17.5128	-10.3323	15.9357	-65.3054	22.949	21.4376	-3.49429	-26.483	-14.1307	4.02234	-0.487117	13.3861	-4.43809	36.6048	-25.1094	3.50519	-5.54965	7.90399	4.31259	59.4331	-18.985	-14.8339	11.5366	16.2887	28.7467	-26.6974	19.9291	-16.0016	
Iter 09: 12.5998	-13.7262	14.6626	-4.53162	4.48231	-38.9842	8.67504	-14.361	2.94143	3.30579	-7.60378	5.34901	5.11963	25.2764	-9.3523	21.2944	-12.1412	12.8902	15.6463	-39.5574	25.8021	-11.0066	-14.3533	-49.4099	3.36213	4.93241	19.3139	-30.3188	21.4545	6.57846	
Iter 10: -4.1707	-27.044	7.5298	-16.764	23.3166	-29.8004	-0.131721	-2.3578	-1.05153	3.77418	-4.81735	-1.33421	6.86531	19.4668	1.37162	56.6841	-29.5502	9.45039	17.2861	-71.7507	33.5959	-5.2879	-21.663	-49.4846	20.2333	7.80536	7.47999	-13.5951	34.1818	-9.00145	
Iter 11: 14.1045	-8.52167	59.1051	-1.67468	19.4667	-14.5405	-0.103354	0.610177	1.37305	10.0741	11.0599	-1.19799	6.32904	28.8792	-19.4673	16.272	-3.99621	-7.44607	20.9545	-51.1496	26.8683	3.12453	-12.7517	-34.5556	-1.82668	8.6613	32.8452	-20.0281	37.1106	-14.9215	
Iter 12: 25.8195	11.841	9.80388	-13.1951	7.87439	-46.9055	10.4976	-2.32197	0.486813	-4.3639	10.2167	11.6183	5.23611	33.5089	-4.44268	36.2519	-17.0734	20.9682	17.5133	-28.1785	18.9347	-8.40655	-14.8875	-34.4143	-8.64342	23.8715	8.2382	13.3678	-0.955481	-23.5831	
Iter 13: 42.5835	10.9283	12.266	-0.927815	12.7856	-17.5354	1.64171	2.21776	-4.50648	-8.33601	-14.6085	12.745	6.88058	18.8272	1.23553	28.017	-11.5934	19.4489	20.7428	5.98922	20.2985	-43.9767	-23.4269	-41.9812	11.2347	29.8675	23.2096	22.3634	-0.490726	29.2544	
Iter 14: 55.1323	25.989	57.0073	0.505572	24.5266	-9.2673	-9.17704	-6.12235	-0.723886	-17.5858	-20.1422	-26.3719	2.81762	23.4661	-10.6066	29.2203	-10.8372	14.0654	12.549	52.2306	15.4059	-44.1166	-13.5956	-43.8495	-21.8585	-4.51361	6.95461	32.7713	-10.4006	5.51904	
Iter 15: 1.8762	-27.4009	15.0601	-9.14071	5.48439	-45.4759	3.68842	7.63866	-3.41611	13.7036	-0.699631	7.45806	-9.84626	5.67914	-7.83118	22.6599	-5.47011	7.14353	6.4787	21.0012	23.5212	-12.6839	-15.0792	-25.2169	-37.4041	21.9399	17.5105	-15.6921	3.42347	6.33997	
Iter 16: 12.8815	0.281245	37.3407	5.66772	16.0561	-20.2319	22.6774	47.4733	-15.1344	-11.2621	-7.27177	5.12725	4.45842	-10.8386	-17.2226	32.1932	-10.5646	2.02687	-6.41974	-21.5821	-8.70297	-15.4606	-0.301957	3.14647	-4.55074	12.3782	5.50561	-5.52897	23.1445	-33.4192	
Iter 17: 5.49646	-17.3356	36.1742	-10.0813	-0.398335	-24.0892	26.5141	11.9157	6.62592	-4.87182	-14.8162	2.14688	6.79963	10.9965	3.78463	40.6145	-18.7859	9.6182	11.0369	-73.5608	9.17484	-5.97375	-17.8641	-27.2715	-7.77214	0.977532	2.14153	-43.2635	-2.71957	-9.86224	
Iter 18: -12.7852	-38.0531	6.51583	-13.8068	22.9589	-37.7359	26.5796	-20.6179	21.4559	17.6931	-26.0318	-11.2945	6.80138	34.7328	-5.45883	-23.3568	24.4334	-21.724	-12.0963	6.55612	-6.66026	-42.7308	-11.1176	9.72171	9.14283	11.774	15.0591	-31.3035	4.06656	-3.94415	
Iter 19: 2.61671	-9.90587	36.9031	-13.6627	29.1692	-10.965	39.9814	23.1901	6.73755	-4.31113	-36.5157	-12.9111	11.8023	-5.02417	-21.1049	-32.6744	14.2454	15.8828	-11.7476	18.3008	-6.28201	-15.1155	0.17825	-6.8817	-40.2155	7.90883	14.4549	-10.5102	28.5931	-37.2764	
Iter 20: 7.18696	-10.1776	1.2715	-2.37457	14.2589	-42.0226	11.2083	12.5265	-4.03617	-8.13729	-9.62797	5.95025	7.66265	12.0623	-5.06687	16.5043	-5.82401	5.26635	6.14718	-29.3718	12.0507	-6.52435	-18.4371	-28.9488	10.2309	19.8958	7.26568	-26.6418	14.4751	-25.4589	
Iter 21: 67.577	26.6185	-7.50273	-12.5268	-13.2692	-41.7975	20.4922	31.434	11.4661	-22.4662	11.7602	14.0899	14.7841	5.46587	10.5451	17.1267	-2.32331	17.1437	4.89168	-29.409	9.66681	-20.935	-11.5825	-35.9269	7.69332	20.6322	8.21923	27.9193	-12.2788	11.2209	
Iter 22: 42.4005	3.9232	8.12021	-8.66986	-13.5688	-30.1229	21.2451	14.5291	3.15523	-7.0797	11.9144	9.5859	-0.537095	8.30649	-12.6177	10.7611	-0.622297	8.0932	9.98403	-34.9181	9.37178	-1.54655	-10.7	-20.5678	-12.108	33.3008	15.0603	44.5674	-12.7046	20.0126	
Iter 23: -7.4244	-15.1624	13.3746	-3.14425	-18.5047	-30.3547	10.0252	13.1334	1.52743	-13.9763	5.72284	17.4807	16.1204	17.2531	-3.6183	19.4013	-3.66839	8.17892	13.9496	26.924	11.3495	-14.7488	-13.8068	-24.2622	-25.4587	12.703	-2.52053	25.1714	-8.5403	-46.2357	
Iter 24: 4.5004	-10.3147	-94.7199	-13.2799	27.667	-21.581	9.89602	1.4407	4.46187	-1.70563	-1.13323	0.223863	12.2611	15.4626	5.18127	40.7113	-21.0994	19.604	-1.47677	-37.6355	20.9835	-31.1573	-17.6949	-24.5527	26.0809	23.9256	16.7882	-2.00242	15.6967	-33.2789	
Iter 25: 21.1369	-7.93877	59.0756	15.0173	-13.5604	-6.26466	-7.85063	2.96713	-0.693835	2.77195	-7.08992	5.35157	7.28665	21.7972	-24.4643	15.5836	-21.8064	9.28776	12.9395	-41.6973	17.2478	-9.34823	-9.52151	-28.4986	-0.311891	23.2644	28.9258	87.9701	-21.6574	8.28835	
Iter 26: -8.19687	13.8255	37.5446	-14.7198	10.671	-48.684	17.5958	21.0674	-1.2637	4.77478	-32.1154	-9.74396	1.13163	10.5656	0.153872	-13.6598	17.8976	19.6893	9.57187	-42.8226	9.748	-29.413	-13.2145	-36.1484	26.8149	13.5343	61.9151	11.3684	-32.4276	-3.76815	
Iter 27: 25.2995	49.5535	42.549	-6.86103	22.2697	-23.4277	18.3301	1.96488	1.91151	44.0419	-10.7756	2.91112	6.60962	14.0605	-1.02751	39.0188	-31.8007	12.1603	0.945371	22.2616	18.1059	-14.2421	-24.4789	-37.3555	-36.8603	29.397	-6.10158	-23.9206	22.5262	-27.4682	
Iter 28: 14.7642	-2.12002	58.3162	-15.7791	15.4502	-36.4609	11.79	-7.75458	-2.70873	-10.8688	-0.954308	10.1346	8.50126	27.1479	-9.52105	21.8136	-5.48568	-11.3564	-4.52163	-3.80402	21.2376	-32.4314	-14.6962	-12.9559	4.39731	24.4664	11.1219	-25.1971	9.4472	-28.68	
Iter 29: 23.3274	-7.40247	36.9061	19.1271	8.81149	-55.6756	2.44562	-6.97496	4.92031	9.9156	-52.4809	8.74788	13.0614	11.6193	-4.97091	-43.5743	15.5974	3.68724	19.4918	-24.7833	14.2588	-12.2321	-14.4231	-26.6727	-4.67569	22.5845	31.0399	-29.8226	7.23367	-9.44527	
Iter 30: -5.418	-16.0168	14.8028	-14.7315	-31.9918	-25.0234	11.0497	-31.428	20.8686	11.4956	-1.28225	4.34195	8.26062	26.4325	-9.41909	21.2812	-5.07344	-6.66746	11.2311	-7.97803	13.0892	18.6017	-12.9891	-31.0612	-44.4049	3.17535	31.063	96.2651	-6.54474	-30.0744	
Iter 31: 9.97598	-22.5616	-7.42772	6.28322	-3.99676	-25.6679	21.6953	50.1673	-15.2885	8.32889	-4.96618	14.0473	-0.0637331	-10.2698	-18.1265	34.9791	-7.88951	5.60013	-5.10126	-65.4088	-14.1566	-18.8443	-10.4784	1.07665	72.2763	24.069	11.1555	27.9585	-11.3285	11.7659	
Iter 32: 11.3502	21.008	44.439	-16.1025	36.3417	-43.1407	28.7479	-6.60056	5.44981	-5.90976	-10.7424	-2.32423	7.28174	28.716	-1.52955	23.9461	-10.3496	-17.5679	-12.4914	-58.2305	14.7034	-6.27474	-16.5218	-15.8734	10.3857	12.1098	57.6743	-31.7919	21.402	-22.8314	
Iter 33: 44.2202	18.6461	59.1887	-11.1078	4.18937	-11.2449	18.5397	-19.9664	8.43242	-10.2843	-5.27896	-0.157784	5.04356	38.8025	-18.8288	28.0053	-9.49404	-18.9231	0.193517	-51.6011	20.5911	-5.77562	-17.6181	-29.539	18.7431	14.3379	20.9384	13.8325	15.0277	-8.56272	
Iter 34: 22.1726	3.8677	14.7635	-0.286851	24.1524	-29.4944	-4.38877	3.3948	-0.263129	-13.294	-26.9401	-12.8167	1.95751	15.6545	-2.34305	19.3495	-1.10253	21.5566	25.8852	-41.2158	19.5498	-23.0665	-19.4867	-50.4721	18.4453	4.13453	11.965	-1.08779	13.4868	-26.2205	
Iter 35: -3.11723	-25.7799	29.5921	-7.62568	18.9634	-18.8206	9.41426	-18.3537	7.84455	6.20727	-18.6857	-1.32406	7.57327	27.9279	-13.3445	27.669	-10.3053	-9.42348	1.9544	-24.0382	7.19724	-5.54816	-19.0727	-33.2656	-1.77309	12.0511	11.1615	37.4307	4.6122	-9.61841	
Iter 36: -0.486967	-31.6908	52.835	-5.99152	3.04144	-42.6673	34.4342	16.1237	-12.3506	31.2914	-22.0319	-1.38793	-0.37433	18.3301	-0.111586	29.5787	-10.2557	-31.1103	-30.5163	-47.8959	-5.05646	-27.0625	-4.75674	16.7787	28.2411	14.5047	37.6771	27.6368	-11.268	9.25847	
Iter 37: -0.172085	-5.15898	16.9714	-17.6291	-0.208372	-35.663	3.41147	8.49013	-1.52443	-6.82913	0.980248	13.6411	6.77585	17.2856	23.8428	40.6012	-18.1297	25.2524	13.1187	-26.281	21.2611	20.153	-13.2399	-26.9834	17.4781	-16.2991	17.5116	-24.4549	25.2781	-48.3161	
Iter 38: -11.8683	-39.741	9.21931	16.7987	-14.7032	-33.8097	-12.9889	14.1126	-5.14162	48.0795	13.7255	4.81383	6.68847	0.34383	-2.41157	16.1958	-1.41016	39.1431	34.6346	-25.0752	21.0773	-11.9705	-12.0645	-52.3536	-6.41153	17.0104	55.4775	25.0425	-18.4107	17.4364	
Iter 39: 55.8336	20.5821	36.9835	18.5937	32.7508	-29.0686	-4.76306	-3.14378	-1.86508	-18.1607	-12.338	-3.60385	7.19905	12.5714	5.14562	39.9318	-18.5024	3.02456	20.8916	31.5008	23.4817	-65.6696	-17.9035	-38.2071	20.0572	5.50413	16.2904	-14.9256	14.3091	9.17953	
Iter 40: 8.57337	-7.6178	22.1861	-9.45164	-3.68163	-31.9201	13.2081	7.68794	0.80487	-11.6325	-43.8515	4.24197	-0.519515	20.5916	9.0536	-9.52209	14.4677	10.7343	9.14363	-25.5179	16.7065	-10.4311	-10.6853	-35.5066	-6.51853	25.6391	5.10545	19.981	-29.5235	-28.7347	
Iter 41: 9.35084	-17.8608	12.161	15.8256	-8.85058	-37.7101	1.55691	14.4426	-5.45253	9.14458	-23.9315	9.33936	6.94124	3.9876	14.5263	26.5158	-9.0222	9.84815	15.6627	-29.9792	10.6761	-20.0658	-11.5992	-23.668	7.80047	-8.91417	21.1094	-17.2709	17.1833	-1.26539	
Iter 42: -6.20024	-23.0955	59.4344	-11.5064	22.0937	-48.7752	20.0649	8.85134	9.14713	2.49674	-16.2365	-4.36637	7.02133	21.7742	-3.46029	26.4177	-12.0249	-3.39057	0.317198	-59.7597	18.8778	9.02032	-17.531	-35.2067	-5.57925	16.171	13.8479	-24.6441	9.13148	-26.0154	
Iter 43: 13.2568	-9.56624	44.648	-14.2084	20.1597	-52.3806	19.878	-6.30933	-0.287507	-12.2629	-18.6414	3.02774	7.71374	36.7647	-6.08997	26.2426	-13.5502	-33.0693	-9.78069	-53.5062	9.00084	17.4112	-5.86897	-10.6829	-22.5759	19.0717	-0.755038	-31.9217	18.7016	-11.8545	
Iter 44: -2.80756	-15.5552	-7.45305	20.3075	-9.32115	-20.2518	-8.50666	3.51143	-5.09406	-3.16095	22.8067	11.1501	6.03002	8.37342	-9.11215	19.1155	-3.42362	10.3919	20.5336	-25.3718	17.3292	-12.5568	-12.5671	-33.5799	-5.50453	17.2824	10.8933	40.634	0.448729	-16.8859	
Iter 45: 60.6941	19.3049	17.2145	-11.3869	14.0631	-50.4713	43.225	18.3247	25.8055	-20.7915	-25.4867	2.68493	6.86486	15.5267	5.10068	-6.87327	21.2615	26.5913	30.1074	-46.9754	8.12525	10.0713	-20.5954	-7.9715	38.0546	5.75387	9.41786	-29.5647	19.8361	23.7094	
Iter 46: 22.3858	4.54079	9.56206	17.8109	5.57962	-61.7741	8.40847	9.71085	-6.73587	-10.7221	-1.18826	-3.64436	-0.24735	3.59012	-2.95919	15.2261	-17.1033	5.8667	-5.97263	-25.6997	7.28916	-8.5098	-13.7771	-15.528	-5.29703	29.3083	8.68148	-39.5245	9.95735	-22.9603	
Iter 47: 24.2346	26.9373	42.5385	28.1772	-8.49806	-56.3529	10.085	54.7645	-19.7729	13.4666	1.20826	7.99322	9.37971	-23.4783	-1.59131	17.4533	-6.76278	17.8838	-12.0897	-4.23944	-17.1511	-34.2235	-19.0177	16.5659	6.39251	33.199	0.815841	21.8847	-13.3722	-26.3115	
Iter 48: 18.6402	13.5255	15.4783	-15.6565	-18.3461	-58.7455	16.5656	-13.9382	9.16036	-5.98578	-26.2454	-0.645685	6.89018	36.7465	-0.479199	26.5919	-5.77468	-13.4451	-7.10748	-30.9755	6.65172	20.8889	-5.03043	-16.7993	20.3358	0.996377	36.5398	29.5298	-25.2432	-22.6305	
Iter 49: 26.5654	-7.33414	29.4831	-10.1841	21.7619	-20.4488	6.5664	4.14672	3.43077	13.9472	-17.4491	-1.16212	9.21861	23.675	-12.1261	30.8826	-18.582	22.3567	19.0172	-51.6523	21.2013	6.38326	-19.0667	-45.485	38.2497	16.683	35.5333	17.7254	24.6617	9.88589	
Iter 50: 36.2838	6.98894	14.48	-7.78651	-22.1801	-26.3159	-14.3271	-9.73257	-8.61892	-7.28477	15.9925	16.3289	14.2103	9.83049	-22.5071	15.5731	-1.00353	13.7213	12.1611	-58.0673	26.7879	-0.789141	-11.7938	-43.741	23.5696	29.5312	21.0981	29.8009	-23.9196	25.2343	
Iter 51: -0.601881	-1.93076	52.3536	-9.40534	21.2678	-31.2507	18.4589	14.5384	-2.2781	2.43657	-11.5174	1.57487	-0.698699	10.4657	-12.4269	45.8356	-23.4707	8.19425	-2.57954	-5.80861	7.92885	-35.1156	-17.9898	-30.793	8.59776	17.8963	14.661	-3.91414	23.8485	-51.2431	
Iter 52: -17.3515	-19.0145	8.07029	6.96242	31.5331	-30.0925	-4.55779	-22.2966	-1.79257	-31.0994	-20.5215	1.56318	13.6643	27.3038	-5.30087	23.6427	-15.7139	-20.1784	-1.06183	74.3892	6.58775	-7.67555	-22.7229	-18.3512	-40.1859	18.3461	-28.0636	-12.6702	29.3168	-44.6984	
Iter 53: 53.7217	12.4266	34.5358	-12.0547	6.25236	-46.9225	10.4439	19.2992	1.7965	-5.24349	33.308	2.30432	4.65204	6.7381	0.945303	4.01589	9.27471	21.0241	9.8312	-69.6399	17.74	-8.00964	8.02187	-10.7172	20.0249	17.7565	24.9498	11.9857	-2.1825	24.262	
Iter 54: 56.3748	17.9342	-2.56269	-20.1035	3.21146	-43.8984	13.2937	54.2624	-9.1462	-10.122	-46.8724	7.93107	5.31081	-31.2926	1.90942	-30.1419	11.3827	34.8177	3.67854	-70.044	7.18127	-7.93506	-15.4538	1.45417	20.2159	27.5566	23.8447	25.0617	-9.85847	16.5805	
Iter 55: -1.46753	-9.61658	14.7325	-12.9965	-11.0698	-36.8562	15.6374	23.5486	-4.62353	-4.03902	-0.892505	14.2307	7.11049	10.3844	-0.0854898	22.8484	-3.90925	17.1163	8.45826	-4.46994	8.78911	-32.7784	-15.2921	-36.3953	3.21059	27.1752	19.7598	23.327	-15.1086	-49.0866	
Iter 56: 3.22603	-14.4592	59.1879	-7.59014	-2.21737	-28.0076	11.1387	9.17642	-1.64513	-7.33038	-2.47734	9.76258	7.54229	14.6845	-4.02513	21.7539	-5.87548	8.06115	10.5115	-23.701	16.5827	-6.31579	-15.5257	-29.7548	-0.195113	14.6765	4.44782	37.3073	1.44862	-9.8616	
Iter 57: 2.53305	-5.50897	-74.1426	17.0785	-8.30518	-28.3795	-7.7045	-23.0453	-13.6665	-2.93944	-20.1407	5.25813	6.76591	33.1542	5.91237	27.9274	-12.1346	-25.0778	7.59364	-11.2151	17.7937	15.2884	-15.213	-12.1875	-49.4254	7.19317	21.9145	44.3307	0.71541	-49.1945	
Iter 58: -8.72664	-26.7486	12.3099	19.7563	-2.33602	-30.7486	-17.1098	20.5756	-1.51079	46.8046	-27.5183	8.76384	3.88582	16.8705	-10.5226	15.522	-2.555	43.5144	34.7425	-42.4323	19.4053	-27.3996	-18.0811	-25.623	24.8183	21.7602	46.0252	36.4851	-0.0948263	4.23912	
Iter 59: 23.5017	2.55881	37.5249	-6.93561	16.6539	-36.9381	17.2052	-17.9849	4.37846	-8.39801	-22.0979	4.18127	6.9185	40.8912	-5.56134	28.6312	-14.8103	-21.5169	-1.75502	-26.1003	24.5436	-14.5711	-9.73204	-29.3436	-1.48725	12.1691	17.6175	-22.7098	26.0215	-24.8845	
Iter 60: 16.7881	3.34785	45.1965	-17.2618	2.96711	-51.3197	19.4307	8.35682	0.557823	-6.21986	-9.14802	3.05201	6.97965	18.2866	18.6066	46.7467	-32.0749	-2.19272	-3.91923	-29.2966	12.2104	-21.0281	-18.9426	-27.4833	8.51027	20.6448	23.8527	-10.1753	7.87356	-35.632	

Best Xs Fitness
625.49
622.841
622.863
626.971
627.827
625.379
625.004
626.803
625.649
619.514
625.322
625.379
625.537
622.303
626.852
626.227
626.226
629.565
627.497
625.763
624.258
626.482
627.524
626.414
627.654
626.663
625.122
626.912
625.036
627.976
629.117
623.2
622.803
623.28
626.592
624.043
626.551
622.37
623.586
625.973
627.738
620.075
623.444
626.614
625.996
627.337
627.827
627.888
623.056
627.076
621.886
623.214
624.865
620.623
623.388
623.98
624.107
625.198
622.803
624.137
